  1  163     19.353 0.033 18.127 0.020
  2  197     19.898 0.035 18.751 0.021              17.691 0.019 17.606 0.029
  3  203     19.951 0.034 20.596 0.028 19.954 0.027 19.634 0.027 19.204 0.035
  4  204     19.448 0.033 19.523 0.021 18.856 0.020 18.384 0.018 17.797 0.029
  5  284     19.945 0.034 18.686 0.020 17.539 0.018 16.742 0.017
  6  316     19.890 0.034 18.702 0.020 17.367 0.018 16.427 0.017
  7  346     20.331 0.038 20.078 0.025 19.400 0.023 18.935 0.021 18.310 0.030
  8  394     17.709 0.032 17.406 0.019 16.998 0.018 16.214 0.017 15.852 0.028
  9  405     20.673 0.044 20.493 0.034
 10  425     21.152 0.050 20.518 0.031 19.286 0.021 18.401 0.019 17.606 0.029
 11  578     17.610 0.032 17.740 0.019 17.184 0.018 16.823 0.017 16.433 0.028
 12  608     19.377 0.032 20.425 0.040
 13  612                                            18.663 0.020
 14  621     19.903 0.035 19.729 0.023 18.604 0.020 17.881 0.018 17.161 0.028
 15  649     17.505 0.025 17.526 0.023 16.650 0.018 16.167 0.017
 16  651     19.446 0.034 19.568 0.023 19.334 0.022 18.898 0.022 18.472 0.032
 17  658     18.616 0.032 19.711 0.022 19.574 0.023 19.045 0.024 19.417 0.038
 18  660     19.854 0.032 19.786 0.031 19.247 0.022 18.885 0.022 18.323 0.030
 19  665     18.852 0.026 19.217 0.020 18.980 0.020
 20  667     19.849 0.036 20.302 0.040 19.804 0.030 19.855 0.035 19.680 0.047
 21  668     19.490 0.033 18.469 0.020 17.232 0.018 16.342 0.017 15.227 0.028
 22  682   6 20.054 0.035 20.166 0.026 19.535 0.027 19.087 0.027 18.806 0.041
 23  683     19.754 0.059 20.067 0.038 18.916 0.022 18.155 0.018 17.414 0.031
 24  689                               20.338 0.038 19.927 0.035 19.505 0.043
 25  693     19.777 0.034 19.989 0.024 19.775 0.025 19.999 0.031 19.225 0.039
 26  695     17.491 0.032 16.764 0.019 15.826 0.018 15.290 0.017 14.725 0.028
 27  708                  19.620 0.023 19.646 0.025 19.379 0.024 19.212 0.040
 28  714                               17.262 0.018 16.447 0.017 15.828 0.028
 29  716                  19.509 0.021 19.128 0.020 18.663 0.019 18.831 0.034
 30  722     17.654 0.032 17.740 0.019 17.400 0.018 17.111 0.017
 31  729     18.246 0.032 18.309 0.020 17.728 0.018 17.354 0.017 17.062 0.030
 32  732  10              18.990 0.028 18.117 0.021 17.397 0.019
 33  734     17.825 0.032 17.716 0.019 17.060 0.018 16.659 0.017 16.249 0.028
 34  735                  18.776 0.020 18.753 0.020 18.193 0.019 18.580 0.036
 35  752                                                         19.492 0.042
 36  755     17.061 0.032 17.613 0.019 17.493 0.018 17.784 0.017
 37  759     18.156 0.032 17.968 0.019 17.248 0.018 16.827 0.017 16.036 0.028
 38  760     17.829 0.025 19.085 0.025 18.479 0.019 18.586 0.018 18.719 0.036
 39  785     17.206 0.032 17.126 0.019 16.466 0.018 16.070 0.017
 40  791     19.447 0.033 19.554 0.022 19.182 0.021 18.867 0.020 18.143 0.030
 41  805     16.430 0.032 16.409 0.019 15.859 0.018 15.526 0.017
 42  810     18.215 0.032 19.885 0.023 19.729 0.026 18.994 0.024 19.772 0.046
 43  811     18.851 0.033 18.941 0.020 18.559 0.019 18.230 0.018 17.703 0.029
 44  814     18.689 0.026 18.780 0.024 18.295 0.019 17.906 0.018 17.534 0.030
 45  817                               17.578 0.018 17.406 0.017 17.302 0.028
 46  823                  19.010 0.020 18.728 0.020 18.537 0.019 18.260 0.029
 47  826     18.575 0.032 18.191 0.020 17.415 0.018 16.925 0.017 16.420 0.028
 48  830     18.132 0.032 18.087 0.020 17.464 0.018 17.070 0.017 16.655 0.028
 49  835                  18.588 0.025 18.334 0.019 17.872 0.019 17.860 0.029
 50  837                  19.143 0.025 17.887 0.018 17.178 0.017 16.170 0.028
 51  840     18.425 0.026 18.851 0.020 18.449 0.019 17.978 0.018 17.363 0.028
 52  846                  18.497 0.024 17.746 0.018 17.325 0.017 16.559 0.028
 53  847                                                         17.931 0.034
 54  849     21.274 0.071 20.777 0.048 19.285 0.024 18.373 0.019 17.512 0.031
 55  851                                                         19.058 0.041
 56  852     18.563 0.026 19.210 0.021 19.289 0.021 19.037 0.023 19.190 0.035
 57  856                                                         17.650 0.031
 58  858     18.499 0.026 19.503 0.021 19.140 0.021 18.761 0.023
 59  861                                            17.190 0.016 17.374 0.031
 60  863     17.422 0.055 17.842 0.021 17.302 0.022 16.908 0.027 15.948 0.070
 61  871     18.149 0.032 18.106 0.019 17.782 0.018 17.546 0.018 17.211 0.028
 62  875     20.306 0.037 20.825 0.035 19.898 0.030 19.207 0.026 18.616 0.033
 63  883                                                         18.789 0.035
 64  889     17.616 0.032 17.643 0.019 17.024 0.018 16.621 0.017
 65  891     19.363 0.033 18.220 0.020 17.121 0.018
 66  893     19.320 0.028 19.486 0.027 18.914 0.023 18.836 0.023 18.632 0.037
 67  895     18.420 0.026 18.387 0.020 18.129 0.019 17.961 0.018 17.682 0.028
 68  902 486 20.178 0.037 20.117 0.028 19.682 0.028 19.334 0.026 17.790 0.030
 69  904  31 20.438 0.037 20.418 0.028 20.024 0.027 19.591 0.027 18.767 0.036
 70  908     20.042 0.036 19.996 0.026 19.608 0.026 19.613 0.027 18.818 0.041
 71  912  34 20.211 0.036 20.407 0.028 19.765 0.027 19.373 0.026 18.634 0.032
 72  914     20.035 0.038 20.123 0.039 19.778 0.036 19.563 0.036 19.331 0.047
 73  919                  17.697 0.019 17.606 0.018 17.564 0.017 17.085 0.028
 74  930 493 19.142 0.028 19.523 0.029 18.988 0.026
 75  936                               19.068 0.026 18.533 0.020 17.670 0.029
 76  939     19.351 0.028 19.226 0.026 18.645 0.020 18.337 0.028
 77  940     17.694 0.025 17.625 0.023 16.978 0.017 16.558 0.015 16.161 0.030
 78  941     18.771 0.026 18.922 0.025 18.469 0.019 18.056 0.017 17.507 0.031
 79  946                  18.968 0.020 18.950 0.020 18.290 0.020 18.833 0.036
 80  947                  19.007 0.020 19.031 0.020 18.460 0.020 18.984 0.037
 81  953     17.928 0.032 17.804 0.019 17.135 0.018 16.735 0.017 16.344 0.028
 82  955     18.858 0.032 19.359 0.021 19.137 0.021 18.884 0.022 18.487 0.032
 83  956  40 19.650 0.034 19.649 0.023 19.017 0.021 18.549 0.020 18.045 0.030
 84  960                               18.356 0.019
 85  962     18.486 0.026 17.629 0.023 16.253 0.017 15.229 0.015
 86  968 496 17.843 0.032 17.976 0.019 17.651 0.018 17.500 0.016
 87  972  42                           18.372 0.020 18.050 0.018 17.323 0.029
 88  980     18.149 0.032 18.018 0.020 17.377 0.018 16.987 0.017 16.569 0.028
 89  981     18.184 0.032 18.292 0.020 17.899 0.019 18.128 0.017
 90  983                  18.847 0.020 18.767 0.020              18.786 0.032
 91  986                  16.339 0.019 16.187 0.018 16.055 0.017 15.863 0.028
 92 1001 499 20.210 0.040 20.064 0.029 19.613 0.029 19.483 0.027 18.873 0.033
 93 1009     18.230 0.032 17.916 0.019 16.791 0.018 16.666 0.017 15.805 0.028
 94 1012                  19.222 0.028 18.641 0.021 18.491 0.021 18.132 0.034
 95 1013 500              18.874 0.025 18.822 0.020 18.953 0.022 18.932 0.034
 96 1020     19.848 0.035 19.335 0.030 18.249 0.019 17.441 0.016 16.650 0.030
 97 1021                               18.780 0.020
 98 1022  45 20.008 0.035
 99 1024 501 19.625 0.035 19.863 0.024 19.470 0.023 18.857 0.022 18.594 0.031
100 1028 502              21.034 0.043 20.411 0.039 19.873 0.037 19.388 0.045
101 1029 503              20.766 0.032 20.153 0.035 19.871 0.037 19.632 0.047
102 1030     17.105 0.032 18.441 0.020 18.024 0.019 17.321 0.018
103 1031  49 19.330 0.033 19.120 0.021 18.292 0.019 17.753 0.018 17.128 0.028
104 1041 504 19.904 0.036 19.516 0.033 19.187 0.026 18.681 0.022
105 1049  52 20.060 0.037 19.958 0.026 19.771 0.024 19.201 0.023 18.364 0.032
106 1052 505                                        19.209 0.026
107 1059     18.419 0.032 18.398 0.020 17.755 0.018 17.362 0.017 16.953 0.028
108 1066  53 18.416 0.032 18.530 0.020 18.223 0.019 17.958 0.018
109 1074     19.866 0.035 19.838 0.024 19.432 0.023 18.719 0.023 18.444 0.033
110 1080  54 20.312 0.036 20.049 0.024 19.459 0.023 18.993 0.023 18.450 0.032
111 1083     19.393 0.033 18.216 0.020 17.154 0.018 16.062 0.017
112 1087                  19.597 0.027 19.100 0.022
113 1088     19.655 0.032                           18.307 0.019 17.566 0.029
114 1090     20.059 0.036 20.012 0.025 18.800 0.020 18.065 0.018 17.192 0.028
115 1102  57 19.637 0.028 19.179 0.021 18.559 0.019 18.196 0.017
116 1103     17.165 0.032 17.491 0.019 17.321 0.018 17.150 0.017 16.900 0.028
117 1111     17.106 0.025 17.545 0.019 17.494 0.019 17.330 0.018
118 1112     16.945 0.025 17.474 0.023 17.229 0.017 16.840 0.017 16.548 0.030
119 1114     18.966 0.027 19.275 0.026 18.925 0.020 18.597 0.019 18.211 0.033
120 1115     17.058 0.025 17.483 0.023 16.469 0.017 16.438 0.015
121 1122 508              18.563 0.020 18.326 0.019 18.181 0.018 17.590 0.029
122 1124 511 18.744 0.026 19.114 0.025 18.808 0.020 18.534 0.019 17.903 0.030
123 1125     21.023 0.068 20.655 0.039 19.575 0.028 18.781 0.029 17.804 0.070
124 1126     20.122 0.035 20.201 0.024 19.703 0.023 19.152 0.022 18.045 0.029
125 1129  63 19.791 0.032 19.524 0.031 19.146 0.026 19.063 0.023 18.738 0.037
126 1133  66 18.089 0.025 18.406 0.024
127 1134  68 18.619 0.027 18.872 0.025 18.611 0.020
128 1138     17.549 0.025 17.622 0.023 17.035 0.017 16.285 0.015 16.268 0.030
129 1139     17.189 0.032 17.501 0.019 17.213 0.018 16.918 0.017
130 1143     20.304 0.037 20.276 0.027 19.473 0.027 19.174 0.027 18.600 0.034
131 1144                                                         18.189 0.033
132 1146                  19.083 0.025 18.908 0.020 18.656 0.018 18.096 0.031
133 1147     19.864 0.034 19.892 0.033 19.868 0.030 19.344 0.032
134 1148  74 19.308 0.029 19.229 0.029 19.026 0.025 18.629 0.023 18.410 0.036
135 1149 515 19.487 0.029 19.407 0.028 19.238 0.023
136 1150     19.500 0.032 19.755 0.033 19.431 0.030 19.169 0.030 19.063 0.042
137 1152  75 20.117 0.037 20.059 0.026 19.715 0.024 19.365 0.024 18.684 0.036
138 1154                  19.115 0.028 18.580 0.022 18.057 0.019
139 1161  77 19.041 0.033 18.942 0.020 18.289 0.019 17.690 0.016
140 1162     20.110 0.058 20.823 0.040 20.383 0.041 20.219 0.046 19.482 0.078
141 1163     17.954 0.032 18.423 0.020 18.273 0.019 18.010 0.018 17.567 0.032
142 1166     19.898 0.036 19.895 0.025 19.641 0.027 19.357 0.028
143 1169                                            18.462 0.021
144 1170 523              18.127 0.020 17.852 0.019 18.040 0.017
145 1175  86              19.082 0.025 18.623 0.019 18.235 0.019
146 1179  87 19.205 0.027 19.239 0.026 18.529 0.019 17.913 0.017
147 1180                  19.250 0.026 18.778 0.022
148 1181 524 19.213 0.033 19.240 0.021              18.385 0.019 17.626 0.029
149 1182                                                         19.282 0.046
150 1184     16.526 0.025 16.822 0.023 16.522 0.018 16.406 0.017 15.865 0.028
151 1185 525 18.731 0.033 18.551 0.020 17.934 0.018 17.520 0.017 17.184 0.030
152 1188     18.645 0.026 17.493 0.023 16.587 0.017 15.688 0.015
153 1190     18.295 0.032 18.528 0.020 18.352 0.019 18.235 0.018 17.615 0.029
154 1196     18.717 0.032 18.535 0.020 17.856 0.018 17.421 0.017 17.003 0.028
155 1197     18.888 0.026 17.706 0.023 16.544 0.017 15.749 0.015 15.309 0.070
156 1199  93              17.698 0.024 17.316 0.018
157 1200                               19.240 0.027 19.253 0.031 19.060 0.044
158 1203  95              17.681 0.024 16.977 0.017
159 1204     19.000 0.033 19.584 0.022 19.192 0.024 18.937 0.022 18.536 0.030
160 1207     15.792 0.025 16.671 0.023 16.643 0.017 16.657 0.015 16.580 0.030
161 1208                  20.018 0.033 20.181 0.034 20.001 0.036 19.863 0.049
162 1214 526 19.623 0.033 19.542 0.028 19.374 0.021 19.076 0.020
163 1215  98              18.347 0.024 18.007 0.019 17.801 0.018 19.255 0.041
164 1219 528 19.330 0.028 19.634 0.030
165 1224                  19.015 0.026 18.394 0.020 17.853 0.018
166 1226                  19.615 0.029 19.375 0.024 19.181 0.025
167 1230 102 18.766 0.033 18.583 0.020 17.916 0.019 17.439 0.018 17.057 0.031
168 1232 531              18.569 0.024 18.365 0.018 18.153 0.017 17.759 0.031
169 1233 103 19.154 0.028 19.086 0.026 18.541 0.020 18.158 0.018 17.676 0.032
170 1235 106 19.038 0.027 19.114 0.025 18.695 0.020 18.383 0.019
171 1237 109 19.436 0.030 19.558 0.030 19.228 0.026 18.915 0.025 18.642 0.037
172 1239 110              18.092 0.025 17.648 0.019 17.267 0.016
173 1241 532 18.835 0.026 18.926 0.025 18.534 0.019 18.281 0.018 17.755 0.029
174 1244     19.325 0.030 19.845 0.033 19.055 0.026 18.588 0.024 18.067 0.035
175 1249 114 18.560 0.032 18.928 0.020 18.792 0.020 18.722 0.019 18.613 0.033
176 1251 533                                        19.738 0.031 19.465 0.037
177 1255 117 19.396 0.028 19.187 0.026 18.631 0.020 18.058 0.018
178 1258 121 19.286 0.029 19.160 0.027 18.580 0.021 18.188 0.019 17.641 0.032
179 1262 122 18.797 0.027 18.800 0.025 18.369 0.020 17.983 0.018 17.487 0.031
180 1265 537 18.201 0.025 18.458 0.020 18.306 0.019 18.224 0.018 17.731 0.029
181 1268 124 18.993 0.027              18.434 0.019
182 1271     17.777 0.025 18.155 0.024 17.834 0.018 17.412 0.017
183 1273 126                           17.713 0.019              17.090 0.031
184 1275                               19.152 0.022              18.510 0.038
185 1276     16.576 0.025 17.239 0.023 17.098 0.017 16.683 0.015 16.568 0.030
186 1282     19.770 0.034 19.948 0.023 19.575 0.022 19.243 0.021 18.810 0.030
187 1283 539 19.808 0.034 20.061 0.026 19.543 0.027 19.166 0.027
188 1286                  19.410 0.025 19.223 0.027 18.889 0.023
189 1289 541 21.306 0.053 21.209 0.045 20.736 0.046
190 1290     19.540 0.029              19.165 0.026 18.896 0.026 19.123 0.039
191 1295     17.375 0.025 17.026 0.019 16.729 0.018 16.567 0.017 15.958 0.028
192 1296                               18.409 0.019 18.277 0.017
193 1297 136 18.762 0.027 18.888 0.025 18.444 0.019 18.148 0.018 17.655 0.031
194 1300     18.794 0.026 19.595 0.028 19.527 0.025 19.473 0.028 19.273 0.043
195 1302     18.015 0.026 19.372 0.025 19.273 0.021 18.595 0.020
196 1303 138 18.891 0.027 19.119 0.026 18.675 0.020 18.302 0.018 17.889 0.032
197 1305                                                         16.185 0.030
198 1306     17.885 0.032 17.436 0.019 17.111 0.018 16.347 0.017 15.929 0.028
199 1307     19.987 0.036 19.877 0.036 19.363 0.030
200 1311                  17.080 0.023 16.738 0.018
201 1312                               16.106 0.017 15.661 0.017 15.294 0.028
202 1315     18.997 0.027 19.086 0.027 18.781 0.022 18.643 0.022 18.511 0.035
203 1317     18.893 0.033 18.173 0.020 17.288 0.018 16.748 0.017 16.256 0.028
204 1319 141                           17.649 0.018 17.221 0.017 16.710 0.028
205 1320     20.473 0.044 20.335 0.042 19.790 0.036 19.174 0.031 18.375 0.037
206 1322     17.945 0.025 17.848 0.023 17.136 0.017 16.685 0.015 16.630 0.030
207 1323 543 20.276 0.038 20.226 0.028 19.879 0.029 19.608 0.030 19.373 0.037
208 1324 143                                        16.608 0.015 16.821 0.070
209 1328 146              18.890 0.026 18.548 0.021 18.441 0.029
210 1329     19.310 0.028 19.567 0.028 19.330 0.024 19.182 0.023 18.894 0.037
211 1330 147 19.431 0.028 19.386 0.026 18.657 0.020 18.069 0.017
212 1331 544 20.122 0.036 20.233 0.027 19.809 0.027 19.350 0.025 18.516 0.030
213 1332                               18.513 0.020 18.281 0.019 17.913 0.030
214 1333     17.032 0.025 17.052 0.023 16.233 0.017 15.376 0.015
215 1334                                            19.031 0.023
216 1335     19.649 0.034 19.567 0.032 19.421 0.025 18.920 0.023 18.264 0.033
217 1336     18.769 0.026 18.976 0.025 18.520 0.020 17.943 0.018
218 1339     17.620 0.025 18.333 0.019 18.053 0.018 17.792 0.017 16.972 0.028
219 1342                               17.051 0.018
220 1348     19.937 0.031 19.941 0.032 19.693 0.030 19.538 0.031 19.181 0.042
221 1349     19.289 0.033 18.620 0.020 17.890 0.019 17.419 0.017 16.975 0.028
222 1352     19.519 0.030 19.890 0.033 19.595 0.031 19.386 0.031 19.168 0.043
223 1355 151 19.037 0.027 18.957 0.025 18.626 0.020 18.371 0.019 17.979 0.032
224 1356     18.462 0.026 18.878 0.025 18.665 0.020
225 1358     19.085 0.033 20.049 0.023 19.447 0.021 18.221 0.018
226 1359                               17.915 0.018 17.196 0.017 15.992 0.028
227 1367 155              20.209 0.035 19.270 0.023 19.091 0.024 18.414 0.033
228 1368     18.119 0.025 17.800 0.023 16.997 0.017 16.503 0.015 16.021 0.030
229 1369 547 18.315 0.026 18.608 0.024 18.333 0.018 18.062 0.017
230 1374 156 16.683 0.025 17.299 0.023 17.146 0.017 16.977 0.015 16.668 0.030
231 1376                                            18.800 0.021 19.253 0.036
232 1377                               17.562 0.022              17.096 0.031
233 1378                  19.531 0.027 18.904 0.020 18.244 0.017 18.332 0.032
234 1379     17.783 0.055 17.884 0.021 17.342 0.022 16.957 0.027 15.994 0.070
235 1380     19.662 0.036 19.676 0.034 19.295 0.027 18.813 0.032
236 1381     18.001 0.025 18.706 0.024 18.685 0.020 18.583 0.019 18.606 0.033
237 1384                  19.504 0.021 17.931 0.019 17.342 0.017 16.607 0.030
238 1385                               18.035 0.019 17.992 0.018 17.906 0.029
239 1387     19.176 0.028 19.270 0.026 18.934 0.021 18.589 0.018 18.057 0.031
240 1389 162 18.893 0.033 19.415 0.021 19.213 0.022 18.861 0.024 18.140 0.034
241 1392 163              19.035 0.027 18.951 0.024 18.532 0.025 18.981 0.041
242 1393 165 19.019 0.028 19.045 0.026 18.704 0.021 18.435 0.020 18.189 0.034
243 1396 550 18.029 0.026 18.125 0.020
244 1403                  18.035 0.023 17.698 0.018 18.068 0.018 20.139 0.049
245 1404 551              19.346 0.026
246 1409                                                         18.082 0.030
247 1411                               18.052 0.019
248 1412 168              18.072 0.024 17.715 0.019
249 1413                               19.087 0.026 19.112 0.026
250 1414                               20.409 0.031
251 1418                               17.268 0.017 17.194 0.016
252 1419 555              19.022 0.025 18.675 0.020 19.573 0.032
253 1421                  18.694 0.026 18.819 0.022 18.349 0.021 18.009 0.034
254 1422                  17.323 0.023 17.282 0.022
255 1426                                            17.575 0.016 17.472 0.028
256 1429 556 19.902 0.034 19.548 0.023 19.297 0.021 18.736 0.019
257 1432     18.727 0.026 19.093 0.026 18.726 0.020 18.404 0.018 17.776 0.032
258 1435 558                           20.797 0.043
259 1437 174              18.505 0.024 18.190 0.019 17.955 0.017 17.254 0.029
260 1438     18.053 0.025 19.280 0.025 19.007 0.021 18.691 0.018 18.684 0.036
261 1442                                            19.191 0.029 18.555 0.037
262 1443     18.977 0.027 19.236 0.026 18.870 0.021 18.390 0.019
263 1444 560                           18.896 0.019
264 1448 564              19.243 0.028 19.479 0.021 18.966 0.021 18.873 0.031
265 1457                                                         17.472 0.029
266 1458 178                                        15.565 0.027 14.973 0.030
267 1460     17.620 0.025 17.686 0.023 16.929 0.017 16.755 0.015 16.197 0.030
268 1466 181 18.751 0.026 18.756 0.020 18.446 0.019 18.261 0.018
269 1467     20.106 0.038 20.247 0.034 19.577 0.032
270 1469                  19.496 0.029 19.322 0.024 19.060 0.024
271 1472 567                                                     18.476 0.032
272 1475     19.112 0.033                                        18.170 0.032
273 1476                                                         18.459 0.036
274 1477     18.180 0.025 19.031 0.025 19.059 0.020 19.050 0.020 18.803 0.036
275 1479     19.535 0.033 19.608 0.032 19.110 0.026 18.853 0.024
276 1481                  18.930 0.022 18.920 0.024 18.818 0.029 18.375 0.032
277 1485                  19.051 0.025 19.021 0.021 18.639 0.021 18.186 0.034
278 1486                  19.497 0.028 19.216 0.024 18.866 0.023 18.484 0.037
279 1487 184                           18.828 0.021 18.214 0.018 17.656 0.031
280 1496                                            19.483 0.036
281 1501                  19.662 0.034 19.111 0.029
282 1503                  17.245 0.023 16.863 0.017 16.690 0.015
283 1504     18.236 0.026 18.328 0.024 17.961 0.018 17.670 0.016 17.336 0.031
284 1506                  19.276 0.030 19.027 0.026 18.995 0.025
285 1507 186 19.426 0.028 19.389 0.026 18.801 0.019 18.367 0.017
286 1510 573              18.995 0.024 18.244 0.018
287 1511                  19.758 0.030 19.448 0.026 19.153 0.024 18.711 0.035
288 1513 187 20.142 0.036 20.461 0.039 20.064 0.035 19.783 0.032 18.971 0.038
289 1514     17.662 0.055 17.823 0.021 17.278 0.022 16.871 0.027 15.885 0.070
290 1522 190 18.027 0.025 18.269 0.024 18.050 0.018 17.800 0.028
291 1524                  18.420 0.024 18.260 0.018 18.077 0.016 17.591 0.031
292 1525 191 18.644 0.026 18.604 0.024 17.986 0.019 17.917 0.017 17.472 0.031
293 1533     20.296 0.040 20.152 0.038 19.525 0.032 19.182 0.031 18.967 0.043
294 1534 192 19.579 0.030 19.624 0.029
295 1540     17.088 0.025 17.455 0.023 17.225 0.017 17.092 0.027
296 1541                  18.859 0.025 19.073 0.024 18.115 0.017 18.917 0.034
297 1543                               18.306 0.021
298 1545     17.719 0.032 17.500 0.019 16.808 0.018 16.747 0.017 15.953 0.028
299 1547 199              17.875 0.024 17.562 0.018
300 1548     20.862 0.047 20.744 0.045 19.876 0.030 19.233 0.025 18.626 0.036
301 1552 201 18.505 0.032 18.882 0.024 18.378 0.019 18.314 0.017
302 1553     19.199 0.028 19.198 0.026 18.706 0.021 18.321 0.019 17.784 0.032
303 1557     17.221 0.025 17.189 0.023 16.767 0.017 16.529 0.015 16.243 0.030
304 1558                                                         18.307 0.034
305 1563     19.918 0.036
306 1564     17.819 0.025 18.433 0.024 17.818 0.018 17.369 0.016 17.077 0.030
307 1565     17.390 0.025 18.890 0.025 18.749 0.020 18.044 0.028
308 1566 206 17.986 0.032 17.837 0.019 17.200 0.017 16.620 0.015 16.075 0.030
309 1569     18.224 0.032 18.541 0.020 18.359 0.019 18.259 0.018 18.023 0.029
310 1570     18.749 0.032 17.772 0.019 16.785 0.018 16.402 0.017
311 1580     18.626 0.026 18.668 0.024 17.986 0.018 17.570 0.016 17.182 0.030
312 1582 214 17.543 0.025 17.948 0.023 17.663 0.017 17.353 0.016 16.883 0.030
313 1584     18.912 0.032 17.760 0.019 17.179 0.018 16.570 0.017 16.012 0.028
314 1587     21.180 0.050 20.716 0.034 19.667 0.023 18.940 0.021 18.175 0.029
315 1589     20.340 0.037 20.323 0.037 19.981 0.032 19.612 0.031 18.995 0.040
316 1599     18.015 0.032                           19.027 0.020 18.701 0.031
317 1601 222 16.523 0.025              16.519 0.017 16.239 0.015
318 1603     17.154 0.025 17.544 0.023 17.221 0.017 16.996 0.015 16.726 0.030
319 1605     17.141 0.055              16.883 0.022 16.681 0.027 16.183 0.070
320 1606                               19.535 0.029 18.848 0.030 17.853 0.071
321 1607     17.942 0.025 17.264 0.023 16.331 0.017 15.715 0.015 14.980 0.070
322 1609                                            18.810 0.022 19.067 0.038
323 1610                  19.410 0.022 18.994 0.021 18.560 0.020 18.794 0.035
324 1614                  19.214 0.023 19.093 0.021 18.493 0.020 18.247 0.034
325 1617 229 18.977 0.056 19.529 0.027 18.764 0.022 18.314 0.020 17.782 0.032
326 1619                  19.236 0.023 18.886 0.023
327 1625                  19.820 0.025 19.366 0.027 18.823 0.023 19.085 0.040
328 1626                  19.771 0.023 19.492 0.025 19.159 0.026 19.381 0.040
329 1628 235 19.615 0.031 19.324 0.029 18.876 0.023 18.743 0.019 18.114 0.031
330 1633     18.101 0.025 18.265 0.024 18.021 0.018 17.831 0.016
331 1640     20.702 0.042 20.351 0.030 19.803 0.029 19.348 0.027 18.722 0.032
332 1657                  17.043 0.019 16.946 0.018 16.895 0.015 16.732 0.028
333 1664                               17.701 0.018 17.327 0.016
334 1665 257                           17.540 0.017 17.150 0.015 17.473 0.030
335 1666                  18.082 0.024 18.100 0.018 17.913 0.018
336 1667 587 19.484 0.029 19.830 0.023 19.654 0.024              18.105 0.033
337 1669 260                           16.070 0.017
338 1670                               18.502 0.023              19.996 0.044
339 1672 261 17.128 0.055 16.613 0.023 16.030 0.017 15.684 0.015 15.084 0.028
340 1673 262              19.189 0.027 18.888 0.022 18.546 0.020 17.642 0.032
341 1676     19.037 0.027 19.167 0.026 18.748 0.020 18.398 0.018
342 1679 264 18.815 0.027 18.802 0.022
343 1684                               16.400 0.017 15.624 0.015 14.838 0.070
344 1686     16.796 0.055 18.500 0.024 18.333 0.019              18.082 0.033
345 1696     19.387 0.028 19.622 0.028 18.892 0.023 18.837 0.022 18.130 0.033
346 1697     17.785 0.025 18.151 0.024 17.929 0.018 17.772 0.016 17.550 0.031
347 1698     17.848 0.032                           17.876 0.018 17.313 0.028
348 1699 270              18.056 0.024
349 1702 271              18.888 0.026 18.329 0.020 18.070 0.019
350 1703 588 20.252 0.042 20.665 0.027 20.080 0.024 19.433 0.025 19.698 0.037
351 1704 273                           16.305 0.017 15.756 0.015
352 1707 274 17.845 0.026 19.146 0.026                           19.305 0.044
353 1709 589 19.967 0.035 19.615 0.022 18.905 0.020 18.282 0.019 17.706 0.032
354 1710 275 18.250 0.032 17.959 0.019 16.977 0.018 16.124 0.017
355 1717                  16.990 0.023 16.303 0.017 15.812 0.015
356 1721 590 17.720 0.032
357 1724 289 17.627 0.026 17.732 0.024 17.331 0.018 17.121 0.016
358 1727 291              18.017 0.024 17.721 0.018 17.417 0.017 17.045 0.030
359 1733 298              17.630 0.024 17.582 0.022 17.549 0.027 17.285 0.031
360 1735     16.867 0.025 16.744 0.023 16.022 0.017 15.211 0.015
361 1740 302 18.421 0.026 18.896 0.025 18.833 0.020
362 1741                  18.647 0.024 18.390 0.020 18.467 0.019 18.424 0.034
363 1742 303 16.349 0.025 17.587 0.023 17.342 0.018 16.750 0.016 17.416 0.031
364 1743     20.666 0.062 20.647 0.039 19.588 0.030 19.158 0.031 19.095 0.035
365 1745                               18.021 0.018              18.142 0.032
366 1749     19.428 0.028 19.768 0.022 19.259 0.022
367 1750 306 18.851 0.027 18.791 0.025 18.321 0.019
368 1751 308 17.705 0.025 18.188 0.024 18.067 0.018 17.575 0.016 17.629 0.031
369 1752 307 19.284 0.029 19.431 0.029 19.155 0.025 19.048 0.024 18.834 0.037
370 1753     19.530 0.029 19.672 0.029 19.280 0.026 19.017 0.024 19.017 0.038
371 1754     17.621 0.025 18.078 0.023 17.765 0.018 17.558 0.017
372 1756     19.483 0.031 19.535 0.030 19.001 0.024 18.935 0.021
373 1757 312              18.546 0.023 18.353 0.024
374 1761     21.056 0.065 20.474 0.032 19.389 0.026 18.791 0.029 18.007 0.071
375 1763     19.545 0.028 19.746 0.028 19.356 0.022 19.209 0.023
376 1764     20.838 0.065 20.957 0.045 20.282 0.042 19.588 0.033 19.051 0.041
377 1765 316 17.262 0.025 17.204 0.023 16.370 0.017 16.009 0.027
378 1766 594 19.345 0.030 19.444 0.029 18.976 0.024 18.512 0.021 17.842 0.032
379 1767     19.833 0.029 19.862 0.027 19.278 0.022 18.806 0.030
380 1770                  19.278 0.024 19.342 0.025              18.444 0.035
381 1773                                            18.864 0.028 18.566 0.040
382 1774                  18.998 0.026 18.598 0.022
383 1776                               17.150 0.017 16.936 0.015 16.664 0.030
384 1779                                            16.131 0.027
385 1781 322 19.290 0.028 19.385 0.026 18.910 0.021 18.468 0.020 17.904 0.033
386 1784                               17.759 0.018 17.553 0.016
387 1787                                            15.197 0.027
388 1794     18.940 0.027 19.086 0.025 18.812 0.020 18.441 0.019 17.778 0.033
389 1796 327              18.506 0.020 18.204 0.020 18.288 0.019 17.986 0.033
390 1798     18.692 0.026 17.835 0.023 16.852 0.017 16.178 0.015 15.976 0.030
391 1799     16.260 0.025 16.281 0.023 15.523 0.017
392 1800     19.062 0.027 19.466 0.028 19.277 0.024 19.101 0.024 18.706 0.037
393 1802                  17.583 0.024 17.323 0.018 17.077 0.016
394 1803     19.903 0.035 20.013 0.025 19.180 0.021 18.402 0.019 17.767 0.031
395 1806     20.214 0.037 20.146 0.026 19.810 0.027 19.450 0.029 19.187 0.037
396 1811                               18.675 0.020
397 1812                  17.126 0.023 17.154 0.022 17.215 0.027 17.129 0.030
398 1817                                            18.671 0.024 18.805 0.039
399 1819 333 18.223 0.032 18.193 0.024 17.709 0.018 17.294 0.016
400 1820     15.666 0.025 16.111 0.023 15.520 0.017 15.144 0.015
401 1821                  18.830 0.025 18.646 0.020 18.036 0.017
402 1822                  17.638 0.023 17.233 0.017 16.822 0.015
403 1823     19.681 0.030 19.611 0.028 19.015 0.022 18.578 0.020 18.410 0.033
404 1824 335              18.453 0.024 18.099 0.018 17.750 0.017 17.245 0.031
405 1827                  19.487 0.028 19.468 0.023 19.099 0.025 19.087 0.038
406 1829     16.485 0.025 16.862 0.023 16.456 0.018 16.130 0.017
407 1830     18.500 0.026 19.136 0.025 18.606 0.019 18.337 0.018 18.258 0.032
408 1833 338                           19.535 0.025 19.333 0.025 19.096 0.038
409 1836                  18.117 0.024 18.042 0.018 17.833 0.018 17.763 0.029
410 1837     21.178 0.066 19.902 0.030 19.831 0.033 19.596 0.036 19.126 0.074
411 1841                  18.652 0.024 18.507 0.019 18.455 0.019 18.453 0.034
412 1843     17.586 0.025 18.515 0.024 18.397 0.019 18.506 0.018
413 1844                                            19.709 0.033 19.276 0.045
414 1845     18.861 0.027 19.136 0.024
415 1846     20.746 0.061 20.903 0.038 19.824 0.032 19.143 0.031 18.335 0.071
416 1849 596 17.851 0.032 18.288 0.020 18.089 0.019 17.864 0.018 17.655 0.031
417 1850     19.318 0.028 19.521 0.027 19.170 0.022 18.835 0.021
418 1855                  17.958 0.023 17.519 0.018 17.350 0.017 17.031 0.028
419 1856                               18.978 0.023 19.090 0.024 18.283 0.035
420 1857     17.434 0.032 18.894 0.020 18.982 0.019 18.977 0.019
421 1859                  17.002 0.021 16.955 0.022 16.786 0.027
422 1866                               18.377 0.019 17.793 0.018 17.678 0.030
423 1867     17.963 0.025 18.695 0.020 18.404 0.019 18.409 0.019 18.504 0.030
424 1868                               18.154 0.023
425 1870     17.702 0.026 18.082 0.024 17.828 0.023
426 1872 345 18.686 0.032 18.695 0.020 18.366 0.019 18.072 0.018 17.527 0.028
427 1874 346 18.412 0.032 18.843 0.020 18.200 0.019 17.386 0.017 16.527 0.030
428 1875 347 18.724 0.026 18.759 0.025
429 1877     21.224 0.070
430 1880 350 18.415 0.032 18.256 0.020 17.785 0.019 17.534 0.017
431 1887     17.287 0.025 16.799 0.023 15.951 0.017 15.408 0.027
432 1888 351 18.429 0.032 18.321 0.020 17.954 0.019 17.740 0.018 17.411 0.031
433 1892                  19.457 0.026 19.189 0.022 18.948 0.021 18.483 0.034
434 1896 353 17.620 0.025 17.807 0.023 17.458 0.018 17.131 0.016 16.795 0.031
435 1897     18.366 0.055 18.425 0.022 17.706 0.022 17.175 0.027 16.131 0.070
436 1899                                                         18.139 0.071
437 1900     19.091 0.027 19.257 0.026 18.934 0.021 18.648 0.021 18.303 0.034
438 1901 355 17.670 0.025 17.979 0.024 17.635 0.018
439 1904     18.846 0.026 19.148 0.021 18.985 0.021 18.912 0.021
440 1905                                            18.239 0.028 17.236 0.030
441 1909                  18.679 0.022 18.508 0.018 18.172 0.017 17.544 0.031
442 1911                  17.514 0.019 16.630 0.018 16.023 0.017
443 1912     18.568 0.026 18.924 0.024 18.591 0.019
444 1915     18.830 0.026 18.762 0.025 18.272 0.019 17.910 0.017
445 1918     19.513 0.031 19.952 0.033 19.379 0.029 19.299 0.028 18.627 0.038
446 1919 360 19.639 0.032 19.892 0.030 18.984 0.020 18.554 0.019
447 1921     19.548 0.030 19.880 0.032 19.512 0.029 19.539 0.032 20.552 0.046
448 1922     20.011 0.034 20.029 0.034 19.511 0.029 19.177 0.027
449 1923                               18.747 0.022 18.330 0.019 18.733 0.038
450 1931                  19.333 0.026 19.169 0.021 18.636 0.021 18.385 0.034
451 1932 598 20.372 0.038 20.411 0.030 19.985 0.032 19.686 0.034 19.306 0.039
452 1937     18.137 0.025 18.826 0.024 18.451 0.019 18.341 0.019 18.220 0.029
453 1939     19.966 0.036 19.989 0.026 19.610 0.026 18.920 0.024
454 1941                  19.415 0.026 18.859 0.021 18.658 0.020 18.490 0.034
455 1944 599 20.242 0.035 20.381 0.026 19.892 0.026 19.369 0.025
456 1950                               17.845 0.018
457 1953                  16.979 0.023 16.752 0.017 16.573 0.015 16.188 0.030
458 1955     17.745 0.032 17.372 0.019 17.110 0.018 16.383 0.017
459 1957 371 16.901 0.025 17.141 0.019
460 1959 372 18.786 0.026 18.769 0.020 18.438 0.019 18.166 0.018 17.701 0.029
461 1961     19.609 0.056 18.595 0.022 17.528 0.022 16.723 0.027 15.493 0.070
462 1962                                                         18.468 0.037
463 1965     17.519 0.025 17.477 0.023 16.757 0.017 16.311 0.015 15.885 0.030
464 1967                  21.400 0.049 19.522 0.026 18.743 0.020 17.829 0.029
465 1970     16.327 0.032 16.647 0.019 16.413 0.018 16.242 0.017 16.276 0.030
466 1973     20.108 0.037 19.954 0.035 19.397 0.028 18.947 0.025 18.469 0.035
467 1976 375 19.988 0.036 19.924 0.033 19.417 0.028
468 1977                                                         18.195 0.034
469 1978 376              18.625 0.025 18.278 0.020
470 1980                  19.411 0.029 19.396 0.027              18.876 0.039
471 1982     19.370 0.027 18.205 0.024 16.766 0.017 15.660 0.015
472 1984     19.225 0.033 19.201 0.021 18.786 0.021 18.373 0.020 17.708 0.030
473 1985     18.183 0.032 17.650 0.019 16.832 0.018 16.685 0.017 15.864 0.028
474 1987                                                         17.590 0.031
475 1988     17.242 0.025 17.832 0.023 16.971 0.017 16.662 0.015 16.689 0.030
476 1993     19.792 0.031 19.978 0.032 19.523 0.026 19.116 0.024
477 1995     17.276 0.032 17.439 0.019 16.690 0.018 16.226 0.017 15.687 0.028
478 1996     18.854 0.028 19.134 0.027 18.795 0.023
479 1997     16.497 0.025 17.326 0.023 17.216 0.017 17.114 0.015 17.005 0.030
480 1998     18.489 0.026 17.389 0.023 16.270 0.017 15.485 0.015
481 1999 382 19.250 0.028 19.373 0.021 19.058 0.020 18.760 0.020 17.989 0.030
482 2000 383 19.326 0.030 19.537 0.030 19.258 0.025
483 2001     17.661 0.055 17.713 0.021 17.134 0.022 16.710 0.027
484 2002     19.875 0.036 19.568 0.032
485 2003                               17.467 0.022 16.790 0.027
486 2004     18.055 0.032 18.077 0.019 17.760 0.018 17.515 0.018 17.123 0.028
487 2005     19.505 0.028 19.653 0.028 18.966 0.023 18.934 0.031
488 2011     19.581 0.029 19.674 0.029 19.280 0.025 19.002 0.024 18.644 0.036
489 2013     20.180 0.061 20.486 0.038 19.525 0.029 18.832 0.022 18.107 0.032
490 2016     18.934 0.028 18.887 0.026 18.082 0.019 17.475 0.017 16.822 0.031
491 2018     21.332 0.052 21.351 0.045 20.074 0.029 19.072 0.023 18.214 0.030
492 2020     16.075 0.025 17.050 0.019 16.604 0.017 16.727 0.017 16.670 0.030
493 2023                  17.989 0.024 17.376 0.018 16.877 0.016 16.403 0.030
494 2024     19.191 0.028 19.233 0.027 18.628 0.019 18.007 0.017 17.368 0.031
495 2026 388 18.171 0.026 18.398 0.024
496 2029                  19.669 0.033 19.585 0.032
497 2030     20.592 0.044 20.446 0.042 20.036 0.038 19.680 0.037 19.446 0.047
498 2033 389 18.111 0.026 18.428 0.020 18.145 0.019 17.790 0.018
499 2035                               18.367 0.020
500 2042     19.064 0.033 19.325 0.021 19.436 0.021 19.728 0.036
501 2043 392 17.923 0.026 18.089 0.024
502 2046     18.376 0.026 18.307 0.024 17.800 0.018 17.493 0.017 16.921 0.028
503 2047     18.472 0.032 18.838 0.020 18.639 0.019 18.458 0.018 17.813 0.029
504 2048                  18.994 0.027 19.154 0.027 19.123 0.027 18.744 0.040
505 2050 395 15.613 0.025 16.016 0.023
506 2054 396 18.983 0.033 19.073 0.020 18.792 0.020 18.478 0.020 18.387 0.033
507 2057     20.708 0.039 21.319 0.057 20.677 0.044 19.943 0.033
508 2058     18.745 0.032 19.188 0.020 18.959 0.020
509 2061     19.118 0.027 19.405 0.026 18.974 0.021 18.815 0.022 18.670 0.036
510 2063     19.011 0.028 18.829 0.025 18.084 0.023
511 2066                  18.528 0.024 17.777 0.018 17.439 0.016 17.136 0.030
512 2072     18.902 0.026 17.833 0.023 16.566 0.017 15.667 0.015
513 2075 402 17.753 0.032 17.680 0.019 16.991 0.018 16.462 0.017 15.861 0.028
514 2086                  18.456 0.024 18.173 0.019 17.904 0.017 17.507 0.031
515 2092 406 19.852 0.032 21.405 0.036 20.462 0.029 19.933 0.026 19.136 0.035
516 2094                  20.400 0.028 18.595 0.019 17.385 0.017 16.243 0.030
517 2095                  17.891 0.023 17.603 0.017 17.317 0.016
518 2096     19.404 0.028 19.216 0.027 19.044 0.023 18.855 0.023 18.622 0.036
519 2101     17.469 0.025 19.062 0.025 18.608 0.020 17.899 0.018 18.444 0.036
520 2103                  16.026 0.019 15.281 0.018 14.873 0.017
521 2106     19.816 0.030 19.640 0.028 18.831 0.020 18.301 0.018 17.691 0.031
522 2107     18.897 0.026 19.136 0.020 18.718 0.020 18.650 0.019 18.455 0.030
523 2110                  18.231 0.019 17.305 0.018 16.368 0.017
524 2113     20.475 0.063 20.349 0.036 19.618 0.028 18.814 0.029 17.835 0.070
525 2114                  20.095 0.036 20.208 0.032 20.458 0.038
526 2115 409 19.566 0.032 19.443 0.030 19.109 0.024 18.547 0.021
527 2116     19.316 0.028 19.958 0.032 19.728 0.030 19.461 0.032 19.015 0.042
528 2119 410 18.060 0.025 18.361 0.020
529 2121                                            19.410 0.035
530 2126 413              18.431 0.022
531 2132 416 19.592 0.033 19.553 0.022 18.790 0.020 18.168 0.019 17.567 0.029
532 2136                               20.164 0.042 19.590 0.036 19.219 0.045
533 2145     17.243 0.025 17.549 0.023 16.499 0.017 16.089 0.015 16.104 0.030
534 2149     19.036 0.027 20.018 0.034 20.049 0.035 19.520 0.033
535 2156                                            19.757 0.040 18.791 0.040
536 2174     17.098 0.025 17.501 0.023 16.834 0.017 16.628 0.015 16.412 0.030
537 2176                                                         18.745 0.039
538 2177     17.517 0.025 17.846 0.024 17.600 0.018 17.455 0.017 17.025 0.031
539 2181     17.907 0.025 17.566 0.023 16.771 0.017 16.280 0.015 16.217 0.030
540 2185     19.239 0.028 19.342 0.027 19.012 0.022 18.735 0.022 18.437 0.035
541 2189                               17.942 0.018 17.434 0.015 16.621 0.030
542 2193                  20.318 0.031 20.008 0.037
543 2194     17.975 0.025 17.910 0.023 17.125 0.017 16.616 0.015
544 2198                  18.656 0.024 18.576 0.018 18.250 0.017 18.168 0.032
545 2199     19.302 0.028 19.557 0.029 19.128 0.024 18.797 0.022 18.263 0.034
546 2202     19.614 0.029 20.734 0.046 20.389 0.042 19.188 0.028 19.604 0.050
547 2206     17.701 0.025 18.130 0.024 17.862 0.018
548 2210     18.927 0.026 19.940 0.031 19.958 0.031 19.231 0.029 19.936 0.055
549 2214     19.434 0.028 19.461 0.027 19.140 0.022 18.804 0.020 18.307 0.034
550 2219                  19.422 0.027 19.164 0.025 19.201 0.027 19.295 0.044
551 2221     20.285 0.061 19.951 0.031 18.811 0.025 17.871 0.028 16.868 0.070
552 2222 428 18.180 0.026 18.146 0.024 17.406 0.018 16.843 0.016 16.299 0.030
553 2231     17.449 0.025 17.195 0.023 16.306 0.017 15.720 0.015
554 2232     18.668 0.027 18.550 0.025 17.697 0.019 17.072 0.016 16.517 0.030
555 2236 432 20.179 0.036 20.307 0.037 19.792 0.033 19.439 0.032 19.258 0.044
556 2239                               19.211 0.023              18.745 0.039
557 2243                  18.971 0.026 19.099 0.023 18.877 0.024 19.063 0.041
558 2245     16.511 0.025 16.669 0.023 16.102 0.017              15.395 0.030
559 2249     17.905 0.025              18.943 0.021 18.505 0.018 18.425 0.036
560 2250     19.716 0.032 19.890 0.033 19.507 0.028 19.053 0.024 18.415 0.033
561 2252                  20.824 0.042 20.212 0.040 19.573 0.037 18.910 0.074
562 2284     16.759 0.025 16.986 0.023 16.290 0.017 15.490 0.015 15.493 0.030
563 2285     19.382 0.028 19.584 0.027 19.323 0.023 19.071 0.023 18.792 0.036
564 2286     18.104 0.025 18.851 0.024 18.823 0.019 18.847 0.019 18.880 0.034
565 2290     18.167 0.055 18.034 0.021 17.278 0.022 16.722 0.027 15.686 0.070
566 2291                                            19.239 0.033 19.300 0.077
567 2295     17.688 0.025 17.353 0.023 16.475 0.017 15.563 0.015 15.500 0.030
568 2298     18.220 0.026 19.404 0.027 19.096 0.021 18.684 0.020 18.898 0.040
569 2300     18.440 0.026 18.576 0.024 18.015 0.018 17.645 0.016 17.295 0.030
570 2311     19.704 0.034 19.839 0.035 19.681 0.033 19.422 0.033 19.137 0.044
571 2313     20.119 0.036 19.049 0.025 17.724 0.018 16.968 0.015 16.386 0.030
572 2321                                                         18.646 0.036
573 2330     18.622 0.055 18.258 0.021 17.396 0.022 16.738 0.027
574 2333     19.584 0.056 18.802 0.022 17.495 0.022 16.462 0.027
575 2336     18.351 0.026 18.667 0.024 18.404 0.018 17.874 0.017 17.635 0.031
576 2354     17.635 0.025 18.952 0.025 18.991 0.021 18.698 0.021 18.714 0.038
577 2356                  19.077 0.027 19.323 0.025
578 2367     20.403 0.060 21.194 0.050 20.538 0.047 20.085 0.044 19.392 0.077
579 2373                                            18.521 0.021 18.706 0.038
580 2407     19.015 0.027 19.136 0.026 18.684 0.020 18.082 0.018
581 2420     19.333 0.027 18.419 0.024 17.286 0.017 15.530 0.015
582 2439     17.581 0.025              16.611 0.017 16.130 0.015 16.068 0.030
583 2442                               19.842 0.037 19.316 0.033 18.769 0.040
584 2443     19.599 0.056 18.906 0.022 17.678 0.022 16.722 0.027
585 2460     18.285 0.026 18.275 0.021 19.122 0.019 16.709 0.015 16.319 0.030
586 2478                               19.710 0.032 18.990 0.030 18.008 0.071
587 2483     19.699 0.029 18.759 0.022 17.572 0.022 16.276 0.015 15.711 0.070
588 2541                  21.095 0.048 19.846 0.030 18.678 0.029 17.670 0.070
589        3 20.841 0.045 20.666 0.033 20.096 0.031 19.726 0.031 19.294 0.039
590       61 19.786 0.032 19.812 0.031 19.097 0.022 18.738 0.023 18.080 0.034
591       71 19.819 0.034 19.631 0.022 18.951 0.022 18.355 0.020 17.659 0.030
592       76 19.191 0.034 20.053 0.024 19.781 0.025 19.798 0.026 19.307 0.035
593       78              18.994 0.026 18.691 0.021 18.403 0.020
594       81              19.249 0.027 18.740 0.022
595       83 19.844 0.033 19.805 0.031 19.515 0.028 19.302 0.028 18.861 0.038
596       88              19.564 0.026 19.398 0.021 18.892 0.020 18.480 0.030
597      100 20.776 0.051 20.798 0.050 20.415 0.048 20.390 0.050 19.772 0.082
598      118 19.691 0.032
599      120              20.237 0.027 19.715 0.026 19.035 0.024 18.546 0.035
600      123                           18.999 0.023 18.844 0.022 18.749 0.037
601      127              19.348 0.031 19.105 0.025 18.707 0.022 18.023 0.033
602      130 19.457 0.033
603      142 18.607 0.028 19.892 0.037 19.473 0.028 18.348 0.021
604      159              19.485 0.029
605      161 18.834 0.026 19.207 0.025 18.922 0.019 18.598 0.018 18.160 0.031
606      166              21.540 0.056 20.069 0.036 19.498 0.023 18.576 0.032
607      179                           18.781 0.024 18.545 0.021 18.053 0.033
608      182 19.855 0.033 19.836 0.031 19.205 0.023 18.721 0.019 18.228 0.032
609      189 20.348 0.040 20.349 0.041 19.832 0.034 19.817 0.036
610      193 20.315 0.040              20.483 0.047 19.944 0.033 19.170 0.037
611      196 21.612 0.046 21.320 0.036 20.852 0.035 20.459 0.045 19.602 0.045
612      204 18.490 0.027 19.124 0.027 19.072 0.023 18.790 0.023 18.562 0.035
613      207 19.018 0.027 19.225 0.027 19.244 0.020 18.624 0.020
614      208 19.971 0.034 19.784 0.021 19.369 0.020 19.083 0.020 18.455 0.033
615      210 19.414 0.032 19.869 0.035 19.758 0.034 19.575 0.035
616      212              19.796 0.031 19.315 0.022 18.968 0.021 18.239 0.030
617      217              19.202 0.028 18.943 0.023 18.674 0.021 18.112 0.032
618      232 20.020 0.034 19.897 0.033              18.788 0.029
619      233              19.036 0.026 18.556 0.020 18.008 0.018 17.411 0.031
620      236 19.495 0.029 19.816 0.028 19.378 0.021 19.241 0.022 19.164 0.036
621      238 19.380 0.028 19.293 0.026 18.792 0.020 18.480 0.018 18.127 0.031
622      240 19.433 0.028 19.545 0.027 19.170 0.021 19.135 0.029
623      242                                                     18.509 0.035
624      247 17.858 0.055
625      253 20.236 0.037 20.849 0.047 21.014 0.051
626      254 19.796 0.033 20.152 0.034 19.797 0.029 19.685 0.032
627      256 19.896 0.035 20.277 0.040 20.131 0.041 19.987 0.043 19.882 0.078
628      265              18.422 0.025
629      266 20.614 0.038 20.667 0.041 19.953 0.029 19.473 0.030 19.027 0.042
630      279 20.272 0.032 19.564 0.026 17.786 0.018 16.584 0.015 15.842 0.030
631      282 18.676 0.027 18.917 0.026
632      287 18.727 0.026 19.070 0.027 19.000 0.024 18.830 0.025 19.610 0.051
633      292              18.833 0.023 18.514 0.020 18.084 0.019 17.612 0.032
634      293              18.860 0.024 19.559 0.032 19.072 0.029 18.661 0.039
635      294 19.126 0.031 19.770 0.033 19.359 0.029
636      296 19.549 0.030 19.503 0.028 19.017 0.023 18.604 0.021
637      310                           20.483 0.036 19.704 0.033
638      311              20.644 0.047 19.940 0.034 19.494 0.034
639      320                           16.315 0.017 16.308 0.015 16.026 0.030
640      342 18.605 0.027 19.206 0.026 19.080 0.023 18.999 0.024 19.031 0.039
641      361 19.718 0.031 20.010 0.033 19.696 0.030 19.673 0.035
642      377              18.530 0.022 18.266 0.020 18.074 0.019
643      393 20.046 0.033 19.803 0.033 19.433 0.029 19.123 0.028 18.780 0.040
644      405 19.520 0.028 19.940 0.023 19.684 0.025 19.798 0.026 19.592 0.039
645      411 19.712 0.034 19.634 0.032 19.136 0.026 18.718 0.024 18.569 0.033
646      412 19.884 0.036 20.083 0.038 19.418 0.031 18.970 0.023 18.523 0.032
647      419 17.901 0.025 18.697 0.024
648      422 19.806 0.033 19.472 0.032 19.305 0.028 18.800 0.024 17.906 0.032
649      426                                                     19.345 0.046
650      452 19.918 0.032 20.131 0.032 19.750 0.027 19.454 0.027 19.151 0.043
651      466                                        19.016 0.026
652      468 19.500 0.029 19.666 0.029 19.214 0.023 18.769 0.022
653      469 20.336 0.040 20.035 0.036 19.642 0.028 18.807 0.024
654      485 20.988 0.045 20.692 0.033 20.042 0.031 19.531 0.030 19.465 0.040
655      487 20.046 0.035 20.368 0.027 20.146 0.029 19.871 0.034 19.455 0.043
656      488              19.556 0.033 19.609 0.032
657      489 20.330 0.038 20.444 0.026 19.809 0.025              18.561 0.034
658      490 20.964 0.047 20.753 0.038 20.314 0.039
659      491 20.208 0.038 20.326 0.029 20.115 0.029 19.880 0.028 19.437 0.034
660      492 19.950 0.036 19.867 0.025 19.457 0.025
661      494                           21.182 0.051 20.757 0.049
662      495 20.235 0.035 20.250 0.024 19.554 0.025 19.304 0.026 19.127 0.042
663      498                                                     19.616 0.043
664      506 19.046 0.033 19.241 0.022 18.966 0.021 18.799 0.021 18.432 0.030
665      509 20.201 0.038 20.228 0.026 19.275 0.028
666      513 21.223 0.055              19.698 0.032 19.397 0.030
667      514              19.881 0.023 19.479 0.022 19.110 0.023 18.395 0.033
668      516 19.521 0.032 19.629 0.032                           17.646 0.032
669      517              21.652 0.041 21.027 0.038 20.499 0.041 19.623 0.046
670      518 20.656 0.043 20.638 0.036 20.359 0.038 20.209 0.042
671      519 19.584 0.034 19.970 0.025 19.470 0.027 19.584 0.031 19.549 0.045
672      520              21.084 0.055 20.235 0.032 19.832 0.031 19.319 0.042
673      521 20.706 0.037 20.752 0.027 19.872 0.035 19.342 0.030
674      522              19.687 0.032 20.469 0.036 20.601 0.035 20.279 0.042
675      527 19.654 0.034 19.860 0.023 19.443 0.023 18.999 0.026
676      529 19.885 0.036 20.040 0.026 19.752 0.028 19.298 0.029 18.768 0.037
677      530                                        19.016 0.026
678      534                                        18.624 0.024 18.441 0.036
679      535 19.754 0.034 19.954 0.024 19.808 0.026 19.711 0.030 19.487 0.041
680      536 18.967 0.033 19.470 0.021 19.361 0.021 19.090 0.022 18.300 0.033
681      538              18.687 0.025
682      540 20.432 0.036 20.244 0.025 19.582 0.024 19.043 0.023 18.118 0.031
683      542              20.778 0.036 20.446 0.037 19.059 0.023 18.358 0.035
684      546 20.437 0.042 20.011 0.029 19.311 0.024 18.656 0.024 17.809 0.032
685      549 19.542 0.028 20.161 0.023 19.714 0.026 19.927 0.033 19.503 0.041
686      552              21.270 0.035 20.185 0.028 19.538 0.025 19.353 0.034
687      553 19.084 0.055              18.503 0.019
688      554 19.655 0.035 19.810 0.024 19.366 0.024 18.962 0.026
689      557 18.199 0.032 18.339 0.020 18.114 0.019 17.986 0.016 17.746 0.031
690      559              19.520 0.028 19.105 0.023 18.677 0.021 18.405 0.034
691      561 20.324 0.035 20.242 0.025 20.160 0.029 20.167 0.030 19.858 0.044
692      562 19.307 0.030 20.207 0.035 19.849 0.026 19.288 0.025
693      563 19.162 0.033 19.106 0.026 18.791 0.024
694      568                                        17.740 0.016
695      569 20.313 0.036 20.596 0.027 20.164 0.026 19.678 0.024 19.069 0.035
696      574 19.536 0.034 19.109 0.022 18.522 0.021 18.595 0.022
697      575 20.092 0.036 19.875 0.024 19.582 0.024 19.273 0.025 18.754 0.036
698      577 21.263 0.041 21.078 0.031 20.612 0.029 20.294 0.029
699      578 21.131 0.041 20.899 0.031 20.420 0.030 20.028 0.029 20.127 0.044
700      579 20.450 0.036 20.350 0.026 20.054 0.026 19.804 0.027 19.933 0.056
701      583                                        17.417 0.017 16.649 0.030
702      584                                        18.941 0.025 19.477 0.047
703      586 18.030 0.026 18.682 0.025 18.595 0.021 18.538 0.019 18.365 0.032
704      591 19.267 0.033 19.417 0.022 19.356 0.025 19.202 0.023 18.216 0.036
705      592 19.726 0.031 19.889 0.025 19.497 0.026 19.292 0.027 18.578 0.038
706      593              19.678 0.029 19.123 0.024 18.797 0.022 18.454 0.031
707      595 19.800 0.034 20.052 0.024 19.528 0.026 19.219 0.027 18.827 0.036
708      597 20.193 0.039 19.919 0.027 19.376 0.026 19.703 0.033 18.264 0.034
