LMC0020  0.02  0.75   8.80      1  4 37 51 -69 01 45 13.89  0.14 SL8,LW13,KMHK21
LMC0021  0.08  0.29   8.00      1  4 38 07 -68 46 39 14.29  0.14 NGC1649,ESO55SC31,KMHK22
LMC0022  0.08  0.75   8.50      1  4 38 22 -68 40 21 13.11  0.14 NGC1652,SL10,LW14, ESO55SC32,KMHK23
LMC0030  0.02  0.55   8.30      2  4 40 28 -69 38 57 13.73  0.12 SL14,LW21,KMHK28
LMC0031  0.02  0.65   8.70      1  4 40 43 -68 21 21 14.21  0.12 SL15,LW23,KMHK29
LMC0035  0.03  0.50   8.90      2  4 41 33 -72 23 21 14.85  0.12 LW27,KMHK39
LMC0039  0.05  0.49   7.70      1  4 42 39 -69 49 12 13.00  0.11 NGC1673,SL17,LW31, ESO55SC34,KMHK43
LMC0040  0.07  0.60   8.45      1  4 42 53 -70 07 28 13.46  0.12 SL18,LW32,HS23,KMHK45
LMC0043  0.08  0.45   8.65      1  4 43 04 -69 49 24 15.75  0.11 SL19,LW33,KMHK47
LMC0049  0.05  0.55   8.85      1  4 43 37 -69 21 51 15.54  0.13 SL22,LW35,KMHK49
LMC0050* 0.05  0.55   8.70      1  4 43 50 -69 52 23 16.59  0.11 SL24,LW38,KMHK55
LMC0052* 0.08  0.45   8.50      1  4 44 11 -68 44 57 16.38  0.14 LW41,KMHK59
LMC0053* 0.08  0.39   8.70      1  4 44 13 -71 22 01 16.20  0.12 BRHT59a,KMHK61
LMC0054* 0.08  0.43   8.90      1  4 44 16 -71 22 41 15.50  0.13 LW43,BRHT59b,KMHK62
LMC0059  0.05  0.33   8.90      1  4 44 46 -69 38 30 15.43  0.12 LW46,KMHK63
LMC0060  0.05  0.36   8.35      1  4 45 08 -69 48 09 15.37  0.11 LW49,KMHK67
LMC0062  0.05  0.70   8.60      1  4 45 17 -67 17 42 15.36  0.12 SL26,LW48,KMHK65
LMC0064  0.05  0.35   8.70      1  4 45 41 -70 59 23 15.46  0.12 SL31,LW53,KMHK75
LMC0066* 0.05  0.30   8.70      2  4 45 52 -72 21 04 14.99  0.12 LW56w,KMHK83w
LMC0067* 0.08  0.25   8.80      1  4 45 54 -72 21 08 14.51  0.12 LW56e,KMHK83e
LMC0068  0.08  0.55   8.70      1  4 46 02 -68 28 59 15.05  0.12 SL30,KMHK73
LMC0069  0.03  0.33   8.60      1  4 46 04 -66 54 41 15.81  0.13 LW54,KMHK72
LMC0073  0.10  0.23  >8.8       -  4 46 25 -68 18 11 15.79  0.10 KMHK79
LMC0074  0.18  0.22   8.10      1  4 46 37 -67 45 40 15.30  0.11 KMHK82
LMC0075  0.05  0.44   8.80      1  4 46 40 -67 41 07 15.41  0.12 SL35,LW58,KMHK84
LMC0076  0.05  1.00   8.70      1  4 46 46 -72 23 41 13.51  0.12 SL37,LW61,KMHK98
LMC0077  0.05  0.48   8.60      1  4 46 46 -69 44 35 15.97  0.11 KMHK87
LMC0079  0.15  0.35   8.25      1  4 47 16 -67 05 23 15.76  0.12 LW63,KMHK89
LMC0080  0.10  0.30   8.20      1  4 47 27 -69 26 35 15.17  0.12 HS27,KMHK99
LMC0084  0.18  0.52   7.80      1  4 47 38 -69 20 36 12.96  0.12 NGC1693,LMC-S66,SL39,ESO56SC02,KMHK100
LMC0085  0.15  0.45   8.30      1  4 47 41 -70 57 44 15.77  0.11 KMHK103
LMC0086  0.15  0.67   8.00      1  4 47 44 -69 22 26 12.26  0.12 NGC1695,SL40,ESO56SC03, KMHK101
LMC0087  0.12  0.31   8.10      1  4 48 04 -68 47 29 15.10  0.13 HS28,KMHK104
LMC0089  0.10  0.38   8.30      1  4 48 27 -69 22 04 14.07  0.12 HS30,KMHK109
LMC0092  0.20  0.38   8.30      1  4 48 41 -69 13 50 14.33  0.12 HS32,KMHK111
LMC0094  0.18  0.33   7.90      1  4 48 56 -68 54 09 13.95  0.12 HS31,KMHK113
LMC0098  0.10  0.72   8.00      1  4 49 04 -69 06 53 11.41  0.12 NGC1698,SL45,ESO56SC06,KMHK115
LMC0100  0.10  0.25   7.40      1  4 49 12 -69 16 00 13.72  0.12 BSDL48
LMC0102  0.10  0.33   7.70      1  4 49 20 -69 07 39 14.00  0.12 KMHK118
LMC0104  0.05  0.60   7.80      1  4 49 26 -69 51 07 12.64  0.10 NGC1702,SL46,ESO56SC08, KMHK122
LMC0106  0.05  0.28   8.10      1  4 49 33 -70 02 56 14.21  0.11 HS36,KMHK126
LMC0107  0.08  0.26   7.90      1  4 49 33 -69 43 40 13.73  0.10 HS35,KMHK124
LMC0109  0.05  0.25   7.20      1  4 49 52 -67 41 15 13.07  0.12 KMHK125
LMC0111  0.05  0.82   7.50      1  4 49 55 -69 45 19 11.41  0.09 NGC1704,SL50,ESO56SC09, KMHK130
LMC0112  0.10  0.45  >8.8       -  4 50 07 -71 38 58 15.32  0.12 SL52,LW72,KMHK141
LMC0113* 0.15  0.33   7.50      3  4 50 10 -68 59 55 12.14  0.12 SL49
LMC0115  0.10  0.36   8.20      1  4 50 19 -67 05 18 14.89  0.12 SL51,KMHK131
LMC0117  0.10  0.23   8.30      1  4 50 27 -66 34 19 15.90  0.12 BSDL70
LMC0118  0.10  0.51   8.60      1  4 50 28 -68 42 38 14.31  0.12 HS37,KMHK139
LMC0119  0.20  0.48   7.50      1  4 50 32 -70 04 32 11.74  0.12 SL56,KMHK142
LMC0120  0.18  1.70   7.20      1  4 50 37 -69 59 06  9.469 0.11 NGC1711,SL55,ESO56SC10,KMHK145
LMC0121  0.10  0.28   7.30      1  4 50 42 -66 13 50 14.42  0.13 KMHK138
LMC0125  0.25  0.22   7.70      1  4 50 57 -69 07 25 13.73  0.12 BSDL94
LMC0127  0.05  0.52   8.00      1  4 50 59 -69 38 13 12.53  0.10 SL58,KMHK153
LMC0128* 0.08  0.41   7.70      3  4 51 01 -69 23 10 15.83  0.12 BSDL96
LMC0129  0.10  0.52   8.40      2  4 51 03 -69 14 54 13.82  0.12 HS39,KMHK154
LMC0130  0.05  0.35   8.40      2  4 51 11 -67 32 05 14.70  0.12 HS38,KMHK148
LMC0131  0.05  0.38   8.40      2  4 51 12 -69 58 17 15.74  0.11 HS40,KMHK159
LMC0133* 0.09  0.24   7.60      1  4 51 23 -69 35 04 13.73  0.10 KMHK164
LMC0134  0.08  0.47   8.65      1  4 51 39 -70 39 18 15.52  0.12 KMHK170
LMC0135  0.11  0.33   8.20      1  4 51 40 -68 46 00 14.26  0.12 HS43,H88-6,H80F1-5,KMHK167
LMC0136  0.02  0.36   8.80      3  4 51 41 -72 13 13 19.73  0.12 KMHK183
LMC0141  0.05  0.48   8.40      1  4 52 03 -65 36 16 15.36  0.13 SL62,LW80,KMHK165
LMC0145  0.02  0.49  >8.80      3  4 52 25 -65 24 31 18.67  0.16 SL63,LW81,KMHK175
LMC0146  0.02  0.30   7.90      2  4 52 29 -68 49 41 13.45  0.12 H88-12,H80F1-11,KMHK189
LMC0150  0.05  0.45   8.30      1  4 52 42 -68 46 54 13.82  0.12 HS52,KMHK193
LMC0151  0.05  0.35   8.30      2  4 52 44 -66 53 03 14.95  0.12 HS51,KMHK190
LMC0153  0.15  0.30   8.60      1  4 52 45 -66 29 31 15.71  0.12 HS50,KMHK185
LMC0155  0.20  0.60   8.30      3  4 52 53 -71 39 32 13.61  0.12 SL79,LW85,KMHK213
LMC0157  0.15  0.67   8.10      2  4 52 54 -68 55 08 12.58  0.12 SL75,KMHK199
LMC0158  0.15  0.31   8.30      1  4 52 55 -67 26 58 14.27  0.11 SL71,KMHK194
LMC0159  0.05  0.33   7.70      2  4 52 59 -69 22 03 13.14  0.12 KMHK205
LMC0160* 0.03  0.38   7.95      3  4 52 60 -69 37 25 12.64  0.10 KMHK207
LMC0162  0.05  0.26   8.00      2  4 53 04 -66 13 36 15.06  0.12 KMHK195
LMC0163  0.25  0.62   8.10      2  4 53 09 -68 12 41 11.79  0.10 SL76,KMHK206
LMC0165* 0.15  0.52   7.70      1  4 53 11 -68 39 01 12.05  0.12 NGC1732,SL77,ESO56SC17,KMHK209
LMC0166  0.15  0.17   7.60      1  4 53 27 -68 57 15 14.89  0.12 H88-14,H80F1-13
LMC0167* 0.10  0.28   7.80      2  4 53 29 -68 45 53 14.27  0.12 BSDL169
LMC0168* 0.05  0.57   8.30      2  4 53 33 -68 46 05 12.91  0.12 NGC1734,SL83,ESO56SC18,KMHK221
LMC0169* 0.05  0.34   6.80      3  4 53 35 -66 55 25 12.29  0.12 KMHK212
LMC0170  0.09  0.25   8.70      3  4 53 36 -67 38 19 14.94  0.12 BSDL167
LMC0171  0.05  0.43   8.10      1  4 53 44 -66 36 50 13.71  0.11 KMHK215
LMC0172  0.05  0.25   7.90      2  4 53 49 -66 49 20 14.53  0.12 KMHK222
LMC0174  0.05  0.28   8.50      2  4 54 00 -68 37 57 15.41  0.12 H88-17,H80F1-14,KMHK230
LMC0175  0.05  0.38   7.20      3  4 54 01 -69 59 46 12.28  0.11 KMHK237
LMC0181  0.05  0.25   7.60      2  4 54 12 -66 14 55 13.27  0.12 HS58,KMHK226
LMC0183  0.009 0.82   7.70      1  4 54 20 -67 06 01 10.71  0.10 NGC1735,SL86,ESO85SC15,KMHK234
LMC0186  0.13  0.43   7.90      2  4 54 26 -68 27 39 13.85  0.11 KMHK245
LMC0187  0.15  0.28   7.80      1  4 54 27 -68 31 02 13.16  0.12 H88-20,H80F1-16,KMHK244
LMC0189  0.15  0.60   8.00      1  4 54 42 -71 15 30 13.27  0.11 SL95,KMHK269
LMC0190  0.03  0.33   7.90      1  4 54 42 -69 03 34 12.64  0.12 KMHK251
LMC0191* 0.05  0.43   8.00      2  4 54 44 -68 58 56 14.62  0.12 HS60,BRHT43a,KMHK252
LMC0192  0.03  0.52   8.10      1  4 54 45 -70 22 53 14.36  0.12 SL100,BH27C1,KMHK265
LMC0193  0.05  0.28   8.10      2  4 54 45 -69 49 26 15.40  0.09 KMHK258
LMC0196  0.12  0.50   8.10      1  4 54 54 -71 23 27 14.53  0.12 SL103,KMHK277
LMC0198* 0.05  0.41   7.50      1  4 54 56 -70 36 15 13.58  0.12 SL102,HS62,BRHT44a,KMHK275
LMC0200  0.20  0.70   8.10      1  4 54 56 -68 11 20 13.42  0.10 NGC1749,SL93,ESO56SC26,KMHK254
LMC0202  0.05  0.41   8.70      1  4 55 01 -67 42 51 15.53  0.11 SL96,H88-25,KMHK256
LMC0203  0.08  0.33   7.50      2  4 55 04 -69 27 43 13.32  0.11 KMHK271
LMC0204  0.08  0.25   7.50      1  4 55 05 -69 03 29 12.30  0.12 KMHK270
LMC0205  0.05  0.80   7.70      1  4 55 06 -69 40 26 11.32  0.09 SL106,KMHK276
LMC0207* 0.03  0.25   8.55      1  4 55 07 -70 35 31 17.10  0.12 BRHT44b
LMC0209  0.03  0.31   8.30      1  4 55 09 -68 41 45 14.23  0.12 H88-28,H80F1-22
LMC0210  0.03  0.43   7.80      2  4 55 09 -67 03 13 13.91  0.10 SL101,KMHK261
LMC0211* 0.05  0.38   8.30      2  4 55 11 -67 29 51 15.65  0.12 HS61,KMHK266
LMC0212  0.05  0.49   8.40      1  4 55 14 -71 06 16 14.84  0.11 SL108,KMHK287
LMC0213  0.30  1.02   7.40      1  4 55 14 -68 12 17  9.385 0.10 NGC1755,SL99,ESO56SC28,KMHK272
LMC0215  0.08  0.38   7.70      3  4 55 17 -66 48 21 12.82  0.12 KMHK267
LMC0218  0.10  0.70   8.00      1  4 55 24 -68 32 29 12.05  0.12 SL105,KMHK280
LMC0219  0.10  0.31   7.70      1  4 55 24 -67 03 42 13.16  0.10 KMHK273
LMC0220* 0.15  0.20   8.20      2  4 55 26 -68 50 20 15.11  0.12 H88-30,H80F1-24
LMC0222  0.10  0.30   8.00      2  4 55 27 -70 53 33 14.46  0.10 HS67,KMHK296
LMC0224  0.15  0.44   8.10      1  4 55 30 -68 53 01 13.76  0.12 HS65,H88-31,H80F1-25,KMHK283
LMC0226* 0.08  0.50   7.50      1  4 55 32 -69 29 45 12.58  0.11 SL109,KMHK290
LMC0227* 0.15  0.25   7.40      1  4 55 32 -69 30 38 12.32  0.11 KMHK289
LMC0228  0.10  0.52   7.20      1  4 55 35 -69 26 53 10.72  0.11 KMHK292
LMC0229  0.10  0.57   8.50      3  4 55 39 -70 32 48 13.67  0.12 KMHK300
LMC0233* 0.08  0.57   8.10      1  4 55 42 -71 25 01 12.81  0.12 SL111,BRHT25a,KMHK303
LMC0234  0.08  0.40   8.10      1  4 55 44 -69 09 24 13.47  0.12 SL110,KMHK294
LMC0235  0.30  0.38   8.10      2  4 55 45 -68 16 52 14.23  0.10 SL107,KMHK291
LMC0236  0.10  0.26   8.00      1  4 55 45 -68 33 03 15.63  0.12 H88-36,H80F1-28,KMHK293
LMC0239  0.10  0.26   7.50      1  4 55 52 -69 42 21 12.18  0.09 BSDL268
LMC0241* 0.10  0.33   8.10      1  4 55 55 -71 24 58 13.68  0.12 BRHT25b,KMHK312
LMC0243  0.08  0.48   7.90      1  4 55 57 -70 13 32 12.22  0.12 NGC1766,SL113,ESO56SC29,:KMHK304
LMC0244* 0.15  0.38   7.30      1  4 56 07 -69 14 50 11.63  0.12 SL114,KMHK305
LMC0247  0.10  0.85   8.10      2  4 56 22 -68 58 00 11.60  0.12 SL117,KMHK314
LMC0248  0.10  0.67   7.80      1  4 56 24 -68 48 14 12.11  0.12 SL116,KMHK315
LMC0249* 0.13  0.30   7.60      2  4 56 25 -67 56 21 12.92  0.09 BRHT60b,H88-41,KMHK309s
LMC0250* 0.13  0.62   7.30      2  4 56 27 -69 24 12 10.09  0.12 NGC1767,SL120,ESO56SC31,KMHK318
LMC0251* 0.10  0.22   7.50      2  4 56 27 -67 55 57 12.51  0.09 BRHT60a,KMHK309n
LMC0252  0.10  0.55   7.80      1  4 56 28 -67 41 41 12.49  0.11 NGC1764,SL115,ESO56SC30,:KMHK308
LMC0256* 0.08  0.57   7.80      2  4 56 33 -69 22 11 12.60  0.12 SL123,KMHK320
LMC0257  0.08  0.29   8.10      3  4 56 33 -67 01 03 15.68  0.11 KMHK311
LMC0258  0.06  0.48   7.30      1  4 56 34 -66 28 25 10.73  0.11 HD32228,KMHK307
LMC0263  0.10  0.30   8.00      1  4 56 39 -68 38 05 14.24  0.13 H88-46,H80F1-31,KMHK319
LMC0264  0.10  0.29   8.00      1  4 56 39 -68 40 01 13.95  0.13 H88-45,H80F1-30,KMHK321
LMC0265  0.10  0.25   7.00      3  4 56 41 -69 27 55 12.58  0.11 BSDL295
LMC0267  0.10  0.35   7.90      1  4 56 45 -69 26 21 13.80  0.12 H88-43,H80F1-32
LMC0269  0.15  0.38   7.90      1  4 56 50 -71 24 53 14.24  0.12 HS75,KMHK347
LMC0272* 0.25  0.25   7.60      2  4 56 52 -68 00 20 13.37  0.09 BRHT45b
LMC0273  0.25  0.72   7.60      1  4 56 53 -69 33 22 10.74  0.10 NGC1772,SL128,ESO56SC33,KMHK334
LMC0275* 0.15  0.31   8.00      2  4 56 54 -68 00 08 13.05  0.09 HS72,BRHT45a,KMHK326
LMC0277* 0.25  0.30   7.80      2  4 57 02 -68 14 56 13.25  0.10 NGC1768,SL127,ESO56SC32,KMHK331
LMC0278* 0.08  0.31   7.80      3  4 57 04 -66 42 35 15.89  0.12 KMHK325
LMC0279  0.08  0.29   8.20      2  4 57 05 -67 24 50 14.18  0.11 HS73,KMHK330
LMC0280  0.08  0.29   8.40      2  4 57 07 -67 49 48 15.65  0.10 H88-48,KMHK333
LMC0281  0.15  0.20   8.30      1  4 57 08 -70 06 42 14.99  0.12 BSDL320
LMC0282* 0.03  0.33   8.00/8.40 1  4 57 10 -66 41 48 13.98  0.12 KMHK329
LMC0283  0.03  0.38   8.40      2  4 57 13 -66 53 05 15.02  0.12 KMHK332
LMC0286  0.03  0.50   8.60      2  4 57 26 -67 41 07 17.65  0.11 SL132,KMHK348
LMC0287  0.03  0.43   8.50      2  4 57 27 -65 49 30 13.82  0.11 SL131,KMHK336
LMC0291  0.05  0.25   7.90      2  4 57 43 -66 24 30 14.48  0.12 BSDL322
LMC0293  0.22  0.57   7.20      1  4 57 51 -69 23 35 10.20  0.13 NGC1782,SL140,ESO56SC36,KMHK363
LMC0294  0.15  0.38   8.40      1  4 57 52 -65 28 29 14.66  0.14 LW102,KMHK350
LMC0295  0.03  0.50   8.30      2  4 57 53 -66 43 35 14.61  0.12 SL138,KMHK354
LMC0296  0.05  0.52   8.70      1  4 57 55 -65 48 56 15.00  0.11 LW103,KMHK353
LMC0299  0.08  0.80   7.70      1  4 58 06 -67 14 32 10.35  0.09 NGC1774,SL141,ESO85SC26,KMHK360
LMC0309* 0.08  0.25   7.40      1  4 58 22 -69 48 11 12.05  0.10 KMHK378
LMC0312  0.05  0.62   8.10      1  4 58 39 -66 25 46 12.94  0.12 NGC1776,SL145,ESO85SC28,KMHK374
LMC0316  0.105 0.52   8.70      1  4 58 54 -72 22 44 14.73  0.13 SL157,LW109,KMHK398
LMC0318  0.02  0.35   8.50      1  4 58 59 -66 47 43 14.95  0.12 SL147,KMHK380
LMC0326  0.15  0.65   7.10/8.10 3  4 59 14 -70 15 24 11.51  0.13 SL158,KMHK397
LMC0330  0.05  0.70   8.60      1  4 59 19 -65 33 30 15.14  0.12 SL152,LW108,KMHK384
LMC0331  0.05  0.70   8.20      2  4 59 20 -66 19 07 11.58  0.12 SL153,KMHK387
LMC0333  0.15  0.52   8.10      1  4 59 27 -70 24 58 13.97  0.13 SL160,KMHK402
LMC0334* 0.10  0.41   8.40      2  4 59 37 -66 49 28 15.15  0.12 SL156,KMHK394
LMC0335  0.20  0.60   8.00      2  4 59 38 -69 33 27 12.10  0.12 NGC1793,SL163,ESO56SC43,:KMHK405
LMC0338  0.15  0.31   8.50      1  4 59 48 -68 18 56 15.79  0.12 KMHK403
LMC0339  0.15  0.35   8.40      1  4 59 48 -68 57 32 14.61  0.13 HS80,KMHK408
LMC0341  0.15  0.52   8.60      1  4 59 53 -67 55 25 13.99  0.10 SL162,H88-79,KMHK406
LMC0342* 0.15  0.30   7.50      1  4 59 57 -67 48 17 12.92  0.11 BRHT62b
LMC0343  0.10  0.45   7.70      2  4 59 58 -66 11 19 13.72  0.11 SL161,KMHK401
LMC0344* 0.10  0.45   8.00      2  5 00 05 -67 48 03 14.03  0.11 BRHT62a,H88-84,KMHK412
LMC0345  0.10  0.28   8.00      1  5 00 09 -65 45 00 13.87  0.11 H88-77
LMC0346  0.07  0.38   8.60      2  5 00 10 -65 25 26 15.11  0.14 LW112,KMHK404
LMC0350  0.03  0.40   8.20      1  5 00 18 -65 28 42 14.07  0.13 LW113,KMHK410
LMC0352* 0.03  0.40   8.40      1  5 00 22 -70 56 40 14.57  0.11 SL169,BRHT26a,KMHK430
LMC0355  0.03  0.35   7.80      1  5 00 30 -68 27 24 12.71  0.13 KMHK424
LMC0356* 0.06  0.43   8.35      1  5 00 33 -70 56 54 14.82  0.11 SL171,BRHT26b,KMHK434
LMC0360  0.03  0.67   8.50      2  5 00 41 -66 53 37 13.59  0.12 SL167,KMHK422
LMC0362  0.08  0.55   8.30      2  5 00 44 -65 27 18 12.21  0.13 SL168,LW114,KMHK418
LMC0363  0.10  0.36   7.80      1  5 00 50 -71 03 16 13.57  0.11 SL175
LMC0365  0.05  0.35   8.40      1  5 00 51 -65 49 48 13.44  0.11 HS84,KMHK425
LMC0369  0.20  0.45   7.80      2  5 01 04 -69 04 57 11.67  0.13 NGC1804,SL172,ESO56SC46
LMC0374  0.05  0.43   8.40      1  5 01 14 -67 32 18 14.87  0.11 H88-90,KMHK438
LMC0376  0.05  0.35   7.50      2  5 01 21 -65 55 22 13.83  0.12 H88-91,KMHK437
LMC0381  0.05  0.48   8.20      2  5 01 28 -68 42 47 13.00  0.14 SL176,KMHK448
LMC0383  0.05  0.47   8.20      2  5 01 33 -71 37 50 14.77  0.11 SL183,KMHK460
LMC0386  0.10  0.57   8.50      2  5 01 45 -67 05 38 14.02  0.11 SL179,KMHK449
LMC0387  0.07  0.55   7.50      2  5 01 45 -65 49 26 11.84  0.12 SL178,ESO85SC31,KMHK445
LMC0401  0.05  0.85   7.60      1  5 02 21 -66 06 42 10.08  0.12 NGC1805,SL186,ESO85SC32,KMHK459
LMC0403* 0.05  0.55   7.80      1  5 02 27 -70 37 15 11.93  0.13 NGC1815,SL189,ESO56SC49,KMHK469
LMC0406  0.05  0.38   8.30      1  5 02 30 -66 00 42 14.90  0.12 HS93,KMHK463
LMC0407  0.05  0.52   7.90      1  5 02 33 -68 49 24 12.42  0.12 SL188
LMC0408  0.10  0.47   7.70      1  5 02 40 -70 19 04 12.77  0.13 NGC1813,SL190,ESO56SC50,KMHK472
LMC0417  0.10  0.45   7.70      1  5 03 22 -65 52 45 13.02  0.12 HS96,KMHK473
LMC0418  0.07  0.57   7.60      1  5 03 23 -66 22 54 13.97  0.12 NGC1810,SL194,ESO85SC35,KMHK475
LMC0420  0.05  0.28   7.60      2  5 03 27 -66 14 58 14.37  0.12 KMHK477
LMC0421* 0.05  0.33   7.70      1  5 03 28 -66 12 35 12.61  0.12 HS98,KMHK478
LMC0424  0.05  0.47   8.70      2  5 03 31 -65 26 12 15.78  0.14 SL195,LW123,KMHK476
LMC0426  0.05  0.43   8.60      1  5 03 35 -65 49 23 14.31  0.13 SL196,KMHK480
LMC0429* 0.05  0.30   7.80      3  5 03 45 -70 21 15 13.19  0.13 KMHK493
LMC0432  0.08  0.38   7.80      1  5 03 48 -66 32 01 12.50  0.12 BSDL486
LMC0434  0.12  0.41   7.00      2  5 03 50 -67 15 38 13.11  0.10 NGC1816,ESO85SC37,KMHK488
LMC0437  0.05  0.40   8.40      3  5 03 58 -66 03 28 15.29  0.11 HS103,KMHK486
LMC0438  0.05  0.35   8.00      1  5 04 01 -66 26 48 12.99  0.12 KMHK490
LMC0439  0.09  0.30   8.20      1  5 04 02 -70 37 36 14.72  0.12 HS104,KMHK499
LMC0441  0.10  0.23   8.20      2  5 04 09 -71 04 39 15.04  0.11 KMHK508
LMC0442  0.07  1.45   7.30      2  5 04 14 -66 26 05  8.868 0.12 NGC1818,SL201,ESO85SC40,KMHK491
LMC0448  0.05  0.26   7.90      2  5 04 26 -66 05 23 13.80  0.11 BSDL503
LMC0459  0.05  0.38   8.40      1  5 04 41 -65 39 46 15.67  0.13 LW126,KMHK497
LMC0460  0.07  0.29   7.80      2  5 04 42 -66 00 23 13.39  0.11 LW129,KMHK501
LMC0461  0.08  0.80   8.10      1  5 04 42 -66 02 03 13.01  0.11 SL204,LW125,KMHK500
LMC0464  0.02  0.80   8.60      3  5 04 45 -66 22 00 14.30  0.11 SL205,KMHK507
LMC0467  0.02  0.31   8.70      2  5 04 55 -66 10 39 16.27  0.11 HS106,KMHK509
LMC0468  0.15  0.30   7.70      1  5 04 56 -70 01 09 12.52  0.12 SL216,KMHK521
LMC0473  0.10  0.52   8.00      1  5 05 08 -66 12 40 13.30  0.11 NGC1822,SL210,ESO85SC42,KMHK513
LMC0477  0.10  0.38   7.50      2  5 05 13 -68 33 13 12.25  0.13 SL212
LMC0478  0.10  0.30   8.10      2  5 05 13 -66 42 09 15.25  0.10 BSDL558
LMC0481  0.10  0.47   7.60      1  5 05 23 -68 30 00 12.61  0.13 SL218,LOGLE80
LMC0482* 0.05  0.34   8.00      1  5 05 24 -66 29 42 13.57  0.12 SL222w,BRHT27b,KMHK520
LMC0483* 0.05  0.31   8.00      1  5 05 26 -66 29 35 13.71  0.12 SL222e,BRHT27a,KMHK522
LMC0487  0.03  0.48   8.00      1  5 05 35 -68 42 52 12.93  0.13 HS109,LOGLE82
LMC0488* 0.03  0.48   7.95      1  5 05 40 -68 38 22 13.06  0.13 BRHT4b,LOGLE83
LMC0495* 0.10  0.80   7.90      1  5 06 02 -68 37 36 11.33  0.13 NGC1839,SL226,ESO56SC63,LOGLE93
LMC0497  0.15  0.62   8.00      1  5 06 07 -68 26 42 12.96  0.13 NGC1838,SL225,ESO56SC64,LOGLE97
LMC0498  0.25  0.38   7.70      2  5 06 09 -70 00 51 13.06  0.13 KMHK540,LOGLE98
LMC0502* 0.10  0.65   8.20      2  5 06 21 -70 28 46 12.87  0.13 SL232,KMHK545
LMC0504  0.10  0.41   8.30      2  5 06 23 -71 49 04 15.08  0.12 SL235,KMHK551
LMC0508  0.10  0.44   8.60      2  5 06 26 -65 11 08 15.34  0.14 LW134,KMHK535
LMC0509* 0.13  0.45   8.20      1  5 06 28 -66 54 24 12.01  0.10 SL228w,BRHT28a,KMHK538w
LMC0510  0.08  0.23   7.50      2  5 06 32 -68 25 45 13.56  0.13 BSDL631,LOGLE109
LMC0512* 0.15  0.38   8.20      3  5 06 32 -66 54 30 16.14  0.10 SL228e,BRHT28b,KMHK538e
LMC0513* 0.16  0.67   7.40      1  5 06 33 -68 21 48 10.95  0.13 SL230,BRHT29b,LOGLE107
LMC0517  0.15  0.20   7.90      3  5 06 53 -65 15 33 14.68  0.14 H88-134,H80F2-9
LMC0518  0.03  0.50   7.95      1  5 06 54 -68 43 07 12.19  0.12 SL234,LOGLE113
LMC0521  0.02  0.43   8.00      2  5 07 04 -65 55 42 15.23  0.12 LW138,KMHK547
LMC0523* 0.20  0.85   7.30      3  5 07 08 -68 58 17 10.49  0.12 NGC1847,SL240,ESO56SC66
LMC0524* 0.20  0.35   8.00      1  5 07 09 -66 40 10 13.53  0.11 SL239,KMHK550
LMC0531  0.15  0.40   8.10      1  5 07 24 -70 48 38 14.27  0.11 SL246,KMHK561
LMC0532  0.10  0.25   8.00      1  5 07 24 -68 14 47 14.09  0.13 BSDL661
LMC0533  0.15  0.80   7.90      2  5 07 30 -67 19 24 12.19  0.09 NGC1844,SL242,ESO85SC48,KMHK556
LMC0538  0.20  0.40   8.10      1  5 07 35 -70 44 54 12.97  0.12 SL249,KMHK562
LMC0540  0.10  0.36   8.00      1  5 07 38 -68 47 50 13.45  0.12 HS122,LOGLE129
LMC0542* 0.20  0.43   7.80      2  5 07 49 -70 02 38 14.23  0.13 BRHT30b,KMHK567
LMC0544* 0.20  0.48   7.80      2  5 07 55 -70 03 26 12.71  0.13 SL255,BRHT30a,KMHK573
LMC0548  0.15  0.50   7.80      1  5 08 10 -71 10 23 12.42  0.11 SL256,KMHK580
LMC0550  0.05  0.45   8.50      1  5 08 21 -66 13 19 15.44  0.12 SL254,KMHK568
LMC0551  0.05  0.55   8.50      1  5 08 23 -65 52 08 14.14  0.13 SL253,LW143,KMHK566
LMC0559  0.03  0.38   8.10      1  5 08 39 -65 53 39 13.85  0.12 SL257,LW144,KMHK576
LMC0561* 0.20  1.50   7.10      1  5 08 44 -68 45 33  8.620 0.12 NGC1850,SL261,ESO56SC70,BRHT5a
LMC0571  0.05  0.40   8.70      3  5 09 03 -66 18 53 14.68  0.12 HS129,KMHK584
LMC0581  0.05  0.28   8.10      1  5 09 28 -65 55 13 14.71  0.12 HS132,KMHK589
LMC0584  0.05  0.40   8.50      2  5 09 32 -65 47 06 14.60  0.13 LW149,KMHK591
LMC0585  0.05  0.75   8.30      1  5 09 34 -66 18 59 12.65  0.12 NGC1849,SL267,ESO85SC49,:KMHK593
LMC0591  0.10  0.48   8.05      2  5 09 43 -65 18 19 14.23  0.13 H88-168,H80F3-2,KMHK595
LMC0594  0.20  0.40   8.30      3  5 09 53 -65 25 30 14.14  0.13 HS135,KMHK599
LMC0599* 0.10  0.36   8.00      2  5 10 11 -69 05 09 13.29  0.12 HS147,H88-174,LOGLE170
LMC0602* 0.10  0.44   8.40      2  5 10 16 -68 29 31 12.97  0.13 SL278,BRHT31a
LMC0603  0.05  0.31   8.10      1  5 10 17 -65 15 54 14.92  0.13 H88-176,H80F3-5,KMHK607
LMC0608  0.08  0.70   8.20      2  5 10 29 -70 54 36 13.29  0.11 SL291,KMHK626
LMC0613  0.08  0.52   8.30      2  5 10 36 -70 29 15 13.34  0.14 SL290,KMHK628
LMC0614  0.08  0.47   8.60      2  5 10 36 -65 50 01 17.20  0.13 SL279,LW151,HS149,KMHK613
LMC0615  0.10  0.35   8.10      1  5 10 37 -71 17 39 13.51  0.10 KMHK633
LMC0616  0.10  0.43   7.70      2  5 10 39 -69 02 31 12.12  0.12 SL288,LOGLE185
LMC0618  0.10  0.26   8.50      2  5 10 39 -66 43 42 19.57  0.10 BSDL783,LOGLE186
LMC0621  0.07  0.43   8.10      1  5 10 40 -65 35 26 14.83  0.12 H88-183,H80F3-7,KMHK614
LMC0622* 0.07  0.40   8.00      2  5 10 45 -66 15 40 13.92  0.12 SL283,BRHT32a,KMHK618
LMC0624  0.08  0.30   7.40      3  5 10 53 -67 10 28 12.58  0.10 SL289
LMC0628  0.08  0.43   8.30      1  5 11 08 -65 40 02 13.77  0.12 SL292,LW154,KMHK623
LMC0636  0.05  0.75   8.10      1  5 11 31 -65 14 57 12.19  0.13 NGC1859,SL297,LW156,ESO85SC50,KMHK635
LMC0638  0.15  0.65   7.80      2  5 11 39 -68 43 48 10.59  0.13 NGC1863,SL299,ESO56SC77,LOGLE206
LMC0643  0.10  0.48   8.30      2  5 12 04 -66 06 52 14.32  0.12 SL301,KMHK641
LMC0649* 0.22  0.28   7.80      3  5 12 14 -68 55 42 14.11  0.12 KMK88-39,H88-205,LOGLE215
LMC0653  0.10  0.50  >8.80      3  5 12 23 -71 40 42 14.43  0.11 SL312,KMHK658
LMC0655  0.10  0.30   8.40      3  5 12 27 -65 46 56 14.37  0.12 HS164,KMHK648
LMC0656  0.15  0.60   8.20      1  5 12 28 -68 17 45 13.34  0.13 SL308,KMHK653,GKK-O212
LMC0660* 0.30  0.31   7.20      3  5 12 34 -69 17 11 10.84  0.14 KMK88-40,H88-211,LOGLE226
LMC0662* 0.05  0.41   8.00      1  5 12 34 -66 09 18 13.61  0.12 NGC1862,SL306,ESO85SC51,BRHT6a,KMHK650
LMC0664  0.15  0.51   7.90      1  5 12 40 -67 37 20 12.97  0.10 NGC1864,SL309,ESO56SC79,KMHK656
LMC0668  0.20  0.31   7.80      1  5 12 49 -68 51 48 12.71  0.12 KMK88-42,H88-216,LOGLE230
LMC0669  0.07  0.28   8.40      1  5 12 52 -65 22 04 15.86  0.13 HS173,KMHK654
LMC0670* 0.15  0.50   8.20      2  5 12 55 -68 56 30 13.83  0.12 SL311,LOGLE231
LMC0678  0.10  0.52   8.50      2  5 13 11 -65 44 34 14.11  0.12 SL315,LW162,KMHK657
LMC0683  0.05  0.72   8.70      1  5 13 42 -66 17 36 13.75  0.12 NGC1867,SL321,ESO85SC53,KMHK665
LMC0684  0.20  0.26   7.60      1  5 13 43 -67 24 09 13.62  0.10 BSDL923
LMC0685  0.05  0.50   8.75      1  5 13 43 -66 31 16 14.26  0.12 SL322,KMHK666
LMC0686  0.18  0.52   7.90      1  5 13 46 -72 04 40 12.78  0.12 NGC1890,SL331,LW167,ESO56SC87,KMHK678
LMC0690  0.02  0.19   8.60      1  5 13 56 -72 11 50 15.82  0.13 SL334,LW168,KMHK683
LMC0699* 0.18  0.30   8.00      2  5 14 33 -68 33 03 14.08  0.14 SL332
LMC0702  0.10  0.52   8.10      1  5 14 43 -65 20 06 13.51  0.13 SL333,LW170,KMHK676
LMC0703  0.10  0.55   8.70      2  5 14 45 -68 20 38 14.58  0.14 HS187,KMHK685
LMC0704  0.05  0.50   8.80      3  5 14 49 -66 11 01 13.66  0.11 HS186,KMHK682
LMC0706* 0.10  0.43   8.40      1  5 15 00 -65 59 27 14.47  0.12 SL335,LW172,KMHK684
LMC0710  0.25  0.57   8.40      1  5 15 19 -68 17 36 13.44  0.13 SL339,KMHK691,GKK-O213
LMC0711  0.18  0.22   8.40      2  5 15 19 -65 46 57 16.60  0.13 H88-231,H80F3-25
LMC0716  0.02  0.75   8.20      1  5 15 33 -66 07 45 12.72  0.12 NGC1882,SL340,ESO85SC57,KMHK609
LMC0726  0.02  0.75   8.10      1  5 16 05 -66 19 09 12.37  0.12 NGC1887,SL343,ESO85SC59,KMHK700
LMC0759  0.02  0.26   8.25      1  5 17 11 -66 30 01 14.47  0.12 HS206,KMHK713
LMC0762  0.02  0.28   8.70      3  5 17 17 -66 25 15 14.12  0.11 HS207,KMHK716
LMC0768  0.20  0.36   8.00      2  5 17 30 -67 01 37 13.64  0.09 HS208,KMHK721
LMC0772  0.15  0.40   8.00      1  5 17 41 -71 03 55 13.80  0.11 SL364,KMHK736
LMC0780  0.15  0.43   8.00      1  5 17 52 -66 04 24 12.76  0.12 KMHK723
LMC0783  0.05  0.29   8.00      1  5 18 01 -66 09 13 14.64  0.12 HS212,KMHK726
LMC0791  0.15  0.28   8.40      1  5 18 12 -68 16 33 15.46  0.13 BSDL1152
LMC0793  0.20  0.25   8.40      3  5 18 15 -68 26 42 14.20  0.13 BSDL1157
LMC0794  0.20  0.44   7.20      2  5 18 16 -69 15 06 11.94  0.15 H88-267
LMC0797  0.22  0.85   8.00      1  5 18 18 -66 37 38 11.26  0.11 NGC1902,SL367,ESO85SC66,KMHK734
LMC0798  0.10  0.57   7.60      1  5 18 20 -65 55 15 13.96  0.13 SL366,LW178,KMHK729
LMC0806  0.10  0.26   8.00      1  5 18 30 -67 54 50 13.93  0.12 KMHK742
LMC0812* 0.10  0.38   8.60      1  5 18 43 -66 30 23 15.14  0.11 SL375,KMHK744
LMC0815  0.10  0.33   8.20      2  5 18 47 -68 37 21 15.07  0.13 HS221
LMC0818* 0.10  0.36   8.45      1  5 18 56 -68 13 01 14.20  0.13 BRHT34b
LMC0819* 0.10  0.38   8.30      1  5 18 58 -68 12 40 14.05  0.13 SL378,BRHT34a,KMHK756
LMC0835  0.15  0.50   7.90      1  5 19 33 -68 16 24 12.51  0.13 SL383,KMHK775
LMC0839  0.10  0.33   8.40      1  5 19 42 -66 49 55 15.65  0.09 KMHK771
LMC0844  0.05  0.48   8.10      1  5 19 50 -65 23 16 13.82  0.14 SL386,KMHK770
LMC0845  0.10  0.25   7.90      2  5 19 52 -67 20 20 14.99  0.10 HS230,KMHK776
LMC0848  0.10  0.16   8.00      1  5 19 56 -68 20 60 15.71  0.13 HS231
LMC0850  0.10  0.51   8.30      1  5 19 58 -70 39 58 13.89  0.14 SL395,KMHK793,LOGLE360
LMC0856  0.10  0.30   8.25      1  5 20 09 -66 27 17 14.02  0.10 HS234,KMHK780
LMC0857  0.15  0.50   7.80      1  5 20 12 -68 54 15 11.83  0.13 SL397
LMC0859* 0.10  0.33   8.60      1  5 20 15 -66 23 45 15.45  0.11 HS236,BH53C2,KMHK781
LMC0863  0.07  0.41   8.00      1  5 20 27 -72 05 29 14.26  0.12 LW191,KMHK807
LMC0866  0.05  0.62   8.10      1  5 20 31 -65 16 55 13.18  0.14 SL398,LW189,KMHK788
LMC0879  0.20  0.41   7.70      1  5 21 05 -69 04 16 13.03  0.13 SL408A
LMC0880* 0.07  0.20   8.45      2  5 21 07 -69 08 09 15.26  0.14 H88-286
LMC0896* 0.02  0.25   7.40      2  5 21 37 -66 05 33 13.64  0.13 SL409
LMC0897  0.10  0.48   8.00      2  5 21 42 -67 40 46 14.20  0.12 SL411,KMHK817
LMC0899  0.07  0.85   8.05      1  5 21 45 -65 13 56 12.14  0.14 SL410,LW192,KMHK813
LMC0905  0.12  0.48   8.60      1  5 21 57 -67 11 06 14.71  0.12 SL416,KMHK818
LMC0909  0.12  0.38   8.00      1  5 22 01 -65 50 05 14.72  0.14 SL415
LMC0910  0.05  0.38   8.90      3  5 22 02 -72 10 17 15.43  0.13 BSDL1426
LMC0917  0.05  0.48   8.20      2  5 22 25 -68 47 06 12.29  0.13 SL425
LMC0918  0.10  0.65   8.10      1  5 22 27 -66 09 09 11.65  0.13 NGC1932,SL420,ESO85SC77,KMHK825
LMC0920  0.05  0.57   8.60      2  5 22 29 -66 31 42 13.68  0.11 SL421,KMHK827
LMC0924  0.10  0.60   8.00      1  5 22 43 -67 11 10 12.00  0.12 NGC1940,SL427,ESO85SC78,KMHK834,GKK-O249
LMC0927  0.10  0.30   8.05      1  5 22 54 -68 06 51 13.40  0.14 KMHK840
LMC0930  0.15  0.26   7.90      1  5 23 02 -71 45 25 13.47  0.12 KMHK846
LMC0936  0.15  0.40   8.60      2  5 23 12 -70 46 40 14.91  0.12 HS264,KMHK845
LMC0942  0.15  0.47   8.70      1  5 23 30 -71 25 35 15.25  0.12 SL435,KMHK853
LMC0943  0.20  0.24   7.90      1  5 23 30 -71 48 15 13.87  0.12 BSDL1532
LMC0952  0.10  0.40   8.50      1  5 24 10 -66 46 33 14.23  0.12 SL438,KMHK851
LMC0953  0.10  0.51   8.30      1  5 24 12 -65 34 27 14.54  0.13 SL440,LW200,KMHK850
LMC0957  0.08  0.34   7.80      1  5 24 18 -66 01 22 13.49  0.13 KMHK852
LMC0961  0.10  0.47  >8.80      3  5 24 28 -67 43 43 13.84  0.12 SL446A,KMHK858
LMC0962  0.08  0.54   8.70      1  5 24 30 -67 40 41 14.51  0.12 SL444,KMHK861
LMC0974  0.20  0.26   8.10      1  5 25 03 -68 44 03 14.53  0.13 KMHK876
LMC0975  0.15  0.48   7.80      2  5 25 15 -66 23 36 12.56  0.11 NGC1946,SL454,ESO85SC84,KMHK874
LMC0976  0.10  0.85   8.70      2  5 25 20 -71 48 11 13.45  0.12 SL461,KMHK887
LMC0977* 0.15  0.23   8.20      1  5 25 23 -71 52 18 15.86  0.12 HS284,KMHK890,GKK-O55
LMC0980  0.15  0.60   7.90      1  5 25 27 -68 50 18 11.63  0.13 NGC1953,SL459,ESO56SC118
LMC0990  0.10  0.80   7.70      1  5 26 05 -66 35 50 10.68  0.12 NGC1951,SL464,ESO85SC86,KMHK886
LMC0992* 0.05  0.67   8.70      2  5 26 08 -71 48 37 13.65  0.12 SL474,KMHK909
LMC0995  0.10  0.50   8.15      1  5 26 14 -66 34 04 13.97  0.12 SL465,KMHK892
LMC0996  0.10  0.52   7.70      1  5 26 15 -66 03 08 12.67  0.12 SL463,LW213,KMHK889
LMC0998  0.08  0.60   7.90      1  5 26 23 -71 41 51 12.30  0.12 SL477,KMHK911,GKK-O54
LMC1000* 0.05  0.48   7.70      1  5 26 25 -66 23 15 12.42  0.11 SL470,KMHK896
LMC1001  0.05  0.60  >8.80      -  5 26 29 -68 22 27 14.10  0.14 SL473,KMHK904
LMC1003  0.10  0.48   7.90      1  5 26 39 -71 58 50 12.04  0.12 HS301A,KMHK917
LMC1004  0.05  0.47   7.20      1  5 26 43 -69 06 05 10.88  0.13 NGC1967,SL478,ESO56SC126
LMC1007  0.08  0.33   8.30      1  5 26 48 -65 47 33 15.09  0.12 LW214,KMHK903
LMC1009  0.08  0.45   8.00      1  5 26 59 -68 27 08 13.88  0.13 KMHK914
LMC1010  0.08  0.45   7.40      2  5 27 14 -66 05 58 12.64  0.12 KMHK912
LMC1015  0.10  0.34   7.60      1  5 27 18 -66 22 07 11.03  0.11 SL482,KMHK915
LMC1016  0.08  0.41   7.90      1  5 27 24 -68 56 15 12.79  0.13 BSDL1793
LMC1018  0.12  0.77   8.00      1  5 27 30 -71 52 48 11.88  0.12 NGC2000,SL493,ESO56SC135,KMHK932
LMC1019* 0.05  0.28   7.50      1  5 27 38 -69 08 29 11.75  0.13 BSDL1818
LMC1021* 0.02  0.67   7.80      1  5 27 40 -69 08 03  9.394 0.13 NGC1984,SL488,ESO56SC132
LMC1022  0.02  0.45   8.60      2  5 27 42 -65 17 51 14.67  0.14 LW215,KMHK919
LMC1023* 0.05  0.47   7.70      1  5 27 44 -68 59 08 11.03  0.13 SL492,ESO56SC133
LMC1027* 0.05  0.47   7.70      1  5 27 49 -66 01 18 12.94  0.12 SL485,BRHT36a,KMHK923
LMC1028* 0.10  0.30   7.80      1  5 27 51 -69 13 18 12.60  0.14 BSDL1837
LMC1031  0.13  0.48   7.40      1  5 28 03 -68 48 42 10.91  0.13 SL495,KMHK933
LMC1033  0.08  0.52   8.60      3  5 28 17 -66 55 32 13.68  0.12 HS309,KMHK931
LMC1034* 0.03  0.77   7.70      2  5 28 21 -69 08 30 11.48  0.13 NGC1994,SL499,ESO56SC136
LMC1038  0.03  0.40   7.30      2  5 28 27 -68 58 56 11.20  0.13 HS314
LMC1041  0.10  0.60   7.60      1  5 28 34 -67 13 30 11.76  0.11 SL498,KMHK943
LMC1048  0.15  0.57  >8.80      -  5 28 50 -71 37 58 12.88  0.11 SL505,KMHK960
LMC1053  0.08  0.70   7.60      1  5 29 11 -66 35 29 10.13  0.11 SL502,KMHK951
LMC1057  0.08  0.31   7.90      1  5 29 36 -67 07 42 13.78  0.11 HS325,KMHK963
LMC1058  0.05  0.55   8.10      1  5 29 39 -66 45 42 14.41  0.11 HS326,KMHK962
LMC1062* 0.10  0.22   7.40      3  5 29 55 -67 18 37 12.37  0.11 KMHK971
LMC1064  0.08  0.19   7.40      1  5 29 58 -66 45 29 12.93  0.11 KMHK970
LMC1067* 0.03  0.24   7.30      1  5 30 03 -66 56 39 11.80  0.11 BSDL1965
LMC1068  0.05  0.45   8.00      2  5 30 04 -66 52 21 13.41  0.11 KMHK974
LMC1069* 0.05  0.40   7.70      2  5 30 06 -67 01 45 13.42  0.11 KMHK976
LMC1072  0.05  0.20   8.25      2  5 30 11 -67 40 31 15.61  0.12 KMHK980
LMC1075  0.05  0.90   7.10      1  5 30 21 -66 53 02  9.931 0.11 NGC2002,SL517,ESO56SC3,KMHK982
LMC1076  0.05  0.31   8.10      2  5 30 22 -67 13 06 16.44  0.11 BSDL2001
LMC1079* 0.05  0.35   7.70      2  5 30 26 -65 54 40 12.88  0.12 SL521,LW227
LMC1080  0.15  0.55   7.80      3  5 30 32 -69 13 55 13.59  0.14 HS333,KMK88-62
LMC1081  0.03  0.48   7.50      2  5 30 33 -66 54 13 13.39  0.11 KMHK987
LMC1086  0.05  0.48   7.70      2  5 30 37 -67 11 10 12.22  0.10 SL522,KMHK988
LMC1088  0.10  1.45   7.20      1  5 30 40 -67 17 13  9.219 0.11 NGC2004,SL523,ESO86SC4,KMHK991
LMC1089  0.08  0.50   7.70      2  5 30 42 -66 58 42 14.00  0.11 BSDL2032
LMC1093  0.02  0.48   8.10      2  5 30 50 -66 20 02 12.89  0.11 SL524,KMHK994
LMC1094* 0.02  0.28   7.50      2  5 30 51 -66 28 08 12.82  0.11 BSDL2043
LMC1095  0.05  0.43   8.40      1  5 30 52 -65 35 07 14.91  0.13 LW228,KMHK990
LMC1096* 0.08  0.77   7.40      1  5 30 54 -66 27 59 10.72  0.11 NGC2003,SL526,ESO86SC6,KMHK998
LMC1098  0.10  0.77   7.40      1  5 30 56 -70 41 42 10.61  0.13 SL539,KMHK1008,GKK-O97
LMC1100  0.13  0.65   7.50      1  5 30 59 -69 11 03 10.90  0.14 NGC2009,SL534,ESO56SC140,KMK88-64
LMC1102  0.11  0.70   7.90      1  5 31 00 -71 53 36 12.12  0.11 SL543,KMHK1016,GKK-O52
LMC1106  0.11  0.50   8.30      3  5 31 07 -71 57 45 11.82  0.11 KMHK1022
LMC1107  0.11  0.26   7.70      1  5 31 08 -67 28 58 13.72  0.11 KMHK1002
LMC1109* 0.08  0.70   7.40      1  5 31 18 -66 57 28 10.58  0.11 SL538,ESO56SC7,BRHT13b,KMHK1004
LMC1111* 0.12  0.23   7.90      1  5 31 19 -68 49 00 13.67  0.12 SL541,KMK88-63
LMC1112* 0.02  0.75   7.60      1  5 31 19 -66 58 22 10.69  0.11 NGC2006,SL537,ESO86SC8,BRHT13a,KMHK1005
LMC1118  0.02  0.70  >8.80         5 31 42 -72 08 46 12.81  0.12 SL555,LW236,KMHK1046
LMC1124* 0.08  0.25   8.10      1  5 31 49 -66 59 17 15.65  0.11 BSDL2156
LMC1128* 0.22  0.48   7.90      1  5 31 51 -67 59 28 13.30  0.12 SL551,BRHT38a,KMHK1027,GKK-O202
LMC1130* 0.15  0.20   8.20      3  5 31 54 -68 46 06 15.75  0.12 KMK88-68,KMHK1033
LMC1131* 0.10  0.57   7.30      1  5 31 55 -66 07 45 12.07  0.12 SL550,BRHT37a,KMHK1017
LMC1134  0.05  0.30   7.90      2  5 31 59 -67 22 05 14.15  0.11 HS341,KMHK1028
LMC1135* 0.05  0.28   7.80      1  5 31 60 -66 07 53 14.17  0.12 BRHT37b,KMHK1020
LMC1138  0.09  0.50   8.20      1  5 32 06 -66 40 19 14.26  0.11 HS343,KMHK1030
LMC1145* 0.10  0.38   7.40      2  5 32 18 -66 24 13 12.83  0.11 HD269722,LMC-S45,KMHK1036
LMC1146* 0.12  0.50   7.40      1  5 32 19 -67 31 16 10.84  0.11 NGC2011,SL559,ESO56SC144,BRHT14a,KMHK1039
LMC1147* 0.10  0.38   7.50      1  5 32 20 -67 31 40 11.25  0.11 BRHT14b,KMHK1040
LMC1150  0.07  0.48   8.30      2  5 32 29 -69 35 08 14.44  0.13 BSDL2257
LMC1151  0.08  0.95   7.95      1  5 32 33 -71 43 01 11.14  0.11 NGC2025,SL571,ESO56SC149,KMHK1057
LMC1156  0.08  0.33   7.60      2  5 32 40 -66 51 43 13.87  0.11 KMHK1049
LMC1157  0.05  0.36   7.20      2  5 32 49 -67 20 38 11.72  0.11 SL564,KMHK1054
LMC1161  0.05  0.40  >8.80         5 33 01 -67 50 57 14.80  0.12 KMHK1055
LMC1163* 0.06  0.70   8.40      1  5 33 10 -71 01 29 13.93  0.10 SL572,KMHK1073
LMC1167  0.06  0.38   8.20      2  5 33 15 -66 43 13 14.72  0.11 BSDL2273
LMC1173  0.06  0.45   7.70      2  5 33 30 -67 27 10 11.97  0.12 NGC2021,SL570,ESO56SC150,KMHK1067
LMC1174  0.05  0.22   8.00      3  5 33 31 -69 22 48 13.24  0.14 KMK88-75
LMC1181  0.02  0.30   7.50      2  5 33 58 -67 00 28 12.78  0.11 KMHK1074
LMC1183* 0.02  0.35   7.60      2  5 34 00 -66 50 25 12.05  0.11 KMHK1076
LMC1184* 0.02  0.28   8.20      1  5 34 03 -66 49 39 15.59  0.11 HS354,KMHK1078
LMC1186  0.18  0.51   8.30      2  5 34 11 -68 35 28 13.19  0.12 SL580,KMHK1086
LMC1187  0.12  0.48   7.80      1  5 34 13 -67 51 23 12.99  0.11 SL579,KMHK1085
LMC1188  0.12  0.50   8.30      2  5 34 15 -68 32 37 13.18  0.12 SL583,KMHK1088
LMC1193  0.05  0.55  >8.80         5 34 20 -65 17 16 15.74  0.14 SL578,LW242,KMHK1080
LMC1196* 0.15  0.24   7.80      2  5 34 26 -67 26 45 14.04  0.12 BRHT63b
LMC1197* 0.20  0.28   7.70      2  5 34 27 -69 25 44 13.38  0.14 KMK88-77
LMC1198  0.10  0.45   7.90      1  5 34 29 -67 07 29 11.27  0.11 SL582,KMHK1091
LMC1199* 0.10  0.25   7.80      1  5 34 29 -67 27 12 14.05  0.12 BRHT63a
LMC1202  0.15  0.35   8.20      1  5 34 31 -68 41 48 16.15  0.12 HS357,KMHK1097
LMC1205  0.07  0.52   8.30      1  5 34 36 -66 03 56 12.45  0.12 HS358,KMHK1090
LMC1208  0.10  0.43   7.50      1  5 34 41 -67 30 13 11.55  0.12 KMHK1098
LMC1209  0.02  0.75   7.60      1  5 34 43 -66 57 45 11.47  0.11 SL586,ESO86SC12,KMHK1094
LMC1211  0.05  0.29   7.70      1  5 34 48 -66 27 58 13.07  0.11 KMHK1095
LMC1214  0.03  0.30   8.80      1  5 34 59 -72 22 57 20.11  0.12 LW247,KMHK1121
LMC1216  0.02  0.38   8.70      2  5 35 06 -65 12 09 15.59  0.14 LW246,KMHK1103
LMC1218* 0.03  0.38   8.20      1  5 35 07 -65 18 33 14.98  0.14 LW245,KMHK1104:
LMC1219  0.10  0.38   8.35      1  5 35 10 -66 37 04 14.27  0.11 KMHK1107
LMC1221  0.15  0.48   8.50      1  5 35 25 -68 41 31 14.74  0.12 SL594,KMHK1117
LMC1227* 0.02  0.23   7.60      3  5 35 38 -66 54 59 14.83  0.11 BSDL2478
LMC1228  0.02  0.23   8.20      1  5 35 41 -67 42 09 14.75  0.12 BSDL2489
LMC1229  0.15  0.38   8.30      2  5 35 42 -68 40 04 14.76  0.12 SL596,KMHK1123
LMC1231  0.05  0.30   7.40      1  5 35 49 -67 03 36 11.41  0.11 KMHK1120
LMC1235  0.20  0.75   8.00      2  5 36 07 -71 00 42 11.58  0.10 NGC2051,SL608,ESO56SC169,KMHK1135
LMC1236* 0.15  0.48   7.30      2  5 36 10 -68 54 42 11.41  0.13 SL601,BRHT16a,KMHK1130
LMC1237* 0.15  0.52   7.60      2  5 36 10 -68 55 40 12.74  0.13 BRHT16b,KMHK1131
LMC1241  0.10  1.30   7.40      2  5 36 28 -66 59 26  9.982 0.11 NGC2041,SL605,ESO86SC15,KMHK1132
LMC1244  0.10  0.43   7.90      1  5 36 33 -68 33 54 13.35  0.12 SL606,KMHK1136
LMC1246  0.10  0.30   8.00      1  5 36 36 -67 17 14 14.96  0.12 KMHK1134
LMC1258  0.10  0.33   7.80      2  5 37 14 -66 27 00 14.80  0.12 HS368,KMHK1141
LMC1264  0.05  0.45   8.30      3  5 37 23 -67 20 51 15.05  0.11 KMHK1147
LMC1268  0.10  0.70   8.25      2  5 37 40 -67 24 48 12.85  0.11 NGC2053,SL623,ESO86SC17,KMHK1154
LMC1275  0.25  0.28   8.20      1  5 37 56 -69 45 14 14.25  0.12 BSDL2643
LMC1277  0.20  0.35   8.05      2  5 38 17 -68 33 59 14.32  0.12 HS374,KMHK1165
LMC1278  0.10  0.30   7.70      2  5 38 17 -67 05 44 14.79  0.11 HS373,KMHK1164
LMC1283  0.15  0.52   8.00      2  5 38 30 -67 19 57 12.73  0.11 SL628,KMHK1166
LMC1284  0.10  0.35   8.00      1  5 38 44 -68 26 44 14.19  0.12 KMHK1174
LMC1287* 0.10  0.28   8.20      1  5 38 58 -66 53 47 16.10  0.10 BSDL2659
LMC1289* 0.08  0.28   8.20      1  5 39 02 -66 54 24 15.47  0.10 BSDL2665
LMC1291  0.07  0.33   8.30      1  5 39 08 -65 24 49 14.98  0.14 SL635,KMHK1176
LMC1294  0.20  0.31   8.20      1  5 39 13 -68 30 01 15.69  0.11 HS378,KMHK1183,GKK-O196
LMC1295  0.25  0.26   8.25      1  5 39 20 -67 03 01 14.78  0.11 HS377,KMHK1182
LMC1299  0.10  0.85  >8.80         5 39 36 -65 38 21 13.79  0.13 SL638,LW262,KMHK1184
LMC1301  0.05  0.28   7.30      2  5 39 49 -66 08 10 13.42  0.13 KMHK1189
LMC1302  0.05  0.35   7.80      2  5 39 51 -71 01 41 13.32  0.10 KMHK1203
LMC1305  0.05  0.57   8.00      1  5 40 02 -66 52 34 13.23  0.10 NGC2062,SL640,ESO86SC20,KMHK1194
LMC1316  0.05  0.26   8.20      1  5 40 33 -66 53 37 14.78  0.10 KMHK1206
LMC1317  0.05  0.43   8.20      1  5 40 36 -67 25 27 14.59  0.11 HS382,KMHK1209
LMC1324* 0.05  0.49   8.10      1  5 40 57 -67 26 26 13.93  0.11 HS386,BRHT55a,KMHK1218
LMC1325  0.15  0.62   7.70      2  5 40 58 -69 26 11 11.55  0.13 NGC2091,SL653,ESO57SC21,KMHK1229
LMC1327  0.15  0.72   7.90      1  5 40 59 -68 27 53 12.18  0.11 NGC2088,SL652,ESO57SC20,KMHK1227
LMC1329* 0.02  0.44   8.10      2  5 41 04 -67 25 35 14.22  0.11 BRHT55b,KMHK1221
LMC1331  0.10  0.52   8.0       1  5 41 08 -67 16 42 14.66  0.11 HS387,KMHK1226
LMC1334  0.10  0.38   7.50      1  5 41 12 -68 51 57 12.36  0.13 H88-309,KMHK1230
LMC1335  0.13  0.20   8.10      1  5 41 14 -67 21 48 16.23  0.11 BSDL2784
LMC1337* 0.15  0.30   7.90      1  5 41 18 -67 13 46 14.65  0.11 BSDL2788
LMC1338* 0.20  0.17   8.00      2  5 41 21 -71 23 55 14.68  0.10 BSDL2828
LMC1339  0.38  0.48   7.40      1  5 41 22 -69 13 26 12.00  0.14 NGC2092,ESO57SC22,KMHK1235
LMC1340  0.05  0.40   7.20      2  5 41 31 -69 40 07 12.04  0.12 M-OB6,KMHK1240,NKN-N160-O10
LMC1341  0.05  0.33   8.20      2  5 41 32 -68 50 19 15.19  0.13 H88-312,KMHK1238
LMC1342  0.08  0.24   8.00      1  5 41 35 -71 49 14 14.91  0.11 BSDL2844
LMC1343  0.05  0.25   7.40      3  5 41 38 -69 18 48 13.94  0.14 H88-315,GKK-O164
LMC1345  0.30  0.25   8.00      2  5 41 39 -69 13 46 14.86  0.14 H88-316
LMC1348  0.10  0.33   8.30      1  5 41 41 -66 27 01 15.44  0.13 KMHK1233
LMC1350* 0.15  0.30   8.00      2  5 41 58 -69 02 51 16.31  0.13 H88-320,KMHK1248
LMC1351  0.10  0.36   7.90      1  5 42 00 -67 20 34 11.71  0.11 KMHK1244
LMC1352  0.10  0.36   8.30      1  5 42 01 -67 29 18 17.31  0.11 KMHK1246
LMC1356  0.08  0.40   7.80      1  5 42 06 -68 21 47 12.92  0.12 KMHK1251,GKK-O197
LMC1357  0.30  1.25   6.80      2  5 42 08 -69 12 42  8.898 0.13 NGC2100,SL662,ESO57SC25,KMHK1257
LMC1359  0.20  0.52   7.30      2  5 42 15 -68 10 33 12.28  0.13 SL666,KMHK1254
LMC1362  0.12  0.29   7.90      1  5 42 17 -68 27 30 15.26  0.13 KMHK1259
LMC1363  0.12  0.50   7.50      1  5 42 17 -68 27 30 10.99  0.12 NGC2096,SL664,ESO57SC27,KMHK1259
LMC1364  0.20  0.43   7.00      2  5 42 20 -69 29 17 10.96  0.13 NGC2102,SL665,ESO57SC29,KMHK1264
LMC1369* 0.05  0.45   8.40      1  5 42 28 -66 56 32 14.74  0.12 HS396,KMHK1258
LMC1372  0.15  1.05   7.60      1  5 42 30 -68 16 29 10.72  0.13 NGC2098,SL667,ESO57SC28,BM4,KMHK1263
LMC1374* 0.05  0.38   8.40      2  5 42 38 -66 55 39 17.07  0.12 BSDL2853
LMC1375  0.15  0.30   8.40      1  5 42 41 -72 03 39 14.61  0.11 SL672,LW279,KMHK1285
LMC1379  0.10  0.72   7.90      1  5 42 52 -67 19 17 13.03  0.11 NGC2095,SL669,ESO86SC24,BRHT20a,KMHK1272
LMC1389  0.10  0.48   7.80      1  5 43 16 -67 35 22 12.07  0.12 SL675,BM11,KMHK1282
LMC1390  0.10  0.80  >8.80         5 43 20 -66 15 44 13.42  0.12 SL674,ESO86SC26,KMHK1281
LMC1392  0.10  0.24   8.45      1  5 43 29 -69 09 44 15.08  0.13 H88-326
LMC1394  0.10  0.57  >8.80         5 43 35 -66 12 31 14.01  0.12 SL678,KMHK1283
LMC1397  0.01  0.62   7.80      2  5 43 45 -67 10 27 12.83  0.10 ESO86SC27,KMHK1292,GKK-O233
LMC1402  0.25  0.33   7.85      1  5 44 03 -67 31 30 13.63  0.12 KMHK1301
LMC1403* 0.25  0.23   7.85      1  5 43 59 -69 59 45 14.06  0.12 HS403,KMHK1312
LMC1408* 0.25  0.38   8.00      1  5 44 13 -70 39 21 14.63  0.13 SL691,BRHT40a,KMHK1319,LOGLE711
LMC1409* 0.25  0.48   8.15      1  5 44 13 -70 40 07 13.82  0.13 SL692,BRHT40b,KMHK1320,LOGLE712
LMC1410  0.08  0.70   8.40      1  5 44 14 -65 18 09 13.91  0.14 SL685,LW283,KMHK1298
LMC1412  0.03  0.80   8.20      1  5 44 20 -66 55 04 12.27  0.11 NGC2105,SL687,ESO86SC29,KMHK1306
LMC1413  0.30  0.80   8.20      2  5 44 22 -68 32 48 11.92  0.13 NGC2109,SL688,ESO57SC34,BM28,KMHK1314
LMC1422  0.30  0.50   7.90      1  5 44 48 -68 44 19 13.74  0.13 BM37,KMHK1325
LMC1427  0.13  0.67   7.80      1  5 44 59 -67 42 25 12.80  0.15 SL693,BM40,KMHK1326
LMC1428  0.15  0.65   7.90      3  5 45 03 -67 49 30 12.30  0.17 SL695,BM43,KMHK1329
LMC1430* 0.07  0.38   8.30      1  5 45 06 -66 57 56 13.94  0.11 HS408,KMHK1327
LMC1432* 0.20  0.43   8.10      1  5 45 13 -68 08 49 13.48  0.14 SL698,BRHT41a
LMC1435  0.10  1.05  >8.80         5 45 24 -66 07 15 12.22  0.12 SL700,LW288,KMHK1333
LMC1442  0.10  0.35   7.70      1  5 46 09 -68 00 21 13.12  0.18 BM62,KMHK1348
LMC1444  0.05  0.65   7.90      1  5 46 12 -68 02 55 12.44  0.16 NGC2114,SL706,ESO57SC37,BM64,KMHK1351
LMC1445  0.15  0.51   7.10      3  5 46 15 -67 34 06 11.25  0.12 SL709,BM63,KMHK1350
LMC1446  0.10  0.57   8.00      1  5 46 16 -67 15 39 12.77  0.10 KMHK1349
LMC1448  0.10  0.33   8.50      2  5 46 20 -67 45 12 15.90  0.16 BM66
LMC1449  0.05  0.52  >8.80         5 46 22 -65 26 11 14.24  0.14 SL708,LW293,KMHK1346
LMC1452* 0.20  0.45   8.10      2  5 46 26 -70 08 48 13.85  0.11 HS413,KMHK1358
LMC1454* 0.15  0.44   8.40      2  5 46 41 -70 50 49 13.81  0.11 HS414,BRHT42b,KMHK1365,LOGLE736, GKK-O92s
LMC1455* 0.15  0.52   8.40      3  5 46 46 -70 49 58 13.27  0.11 SL716,BRHT42a,KMHK1367,LOGLE737, GKK-O92n
LMC1459  0.10  0.40   8.30      2  5 46 53 -70 35 27 16.57  0.13 BSDL3001, LOGLE738
LMC1460  0.05  0.45   8.50      2  5 46 55 -66 40 00 14.44  0.12 SL711,KMHK1359
LMC1461  0.02  0.62   8.70      1  5 46 58 -66 46 05 15.11  0.12 SL712,KMHK1360
LMC1463  0.05  0.36   8.00      1  5 46 60 -66 59 59 13.38  0.11 HS415,KMHK1361
LMC1464* 0.25  0.36   8.10      1  5 47 02 -69 57 48 15.05  0.11 HS416,BRHT56a,KMHK1371
LMC1467* 0.20  0.57   8.10      1  5 47 14 -68 30 23 13.40  0.12 NGC2116,SL715,ESO57SC38,BM79,KMHK1370,GKK-O181
LMC1468  0.05  0.60   8.60      2  5 47 17 -66 52 59 13.22  0.11 SL714,KMHK1366
LMC1475  0.22  0.80   7.20      1  5 47 39 -69 07 54 11.91  0.13 NGC2118,SL717,ESO57SC39,KMHK1380
LMC1478  0.10  0.95   7.80      1  5 47 46 -67 27 03 11.80  0.11 NGC2117,SL718,ESO86SC33,BM87,KMHK1377,GKK-O224
LMC1484  0.02  0.60   8.60      3  5 48 19 -67 14 30 14.34  0.10 HS419,KMHK1385
LMC1490  0.05  0.57   8.60      1  5 48 44 -71 38 45 13.93  0.12 SL733,LW310,KMHK1412
LMC1494  0.10  0.50   8.00      1  5 48 55 -71 03 33 12.51  0.11 SL734,ESO57SC42,KMHK1413
LMC1496  0.07  0.25   8.00      2  5 48 56 -67 05 39 15.69  0.10 HS421,KMHK1401
LMC1501  0.07  0.45   8.30      2  5 49 04 -65 12 15 16.28  0.13 LW309,KMHK1396
LMC1502* 0.07  0.30   8.30      2  5 49 09 -65 42 51 19.37  0.13 BH46C2,KMHK1402
LMC1503* 0.05  0.75   8.70      2  5 49 11 -67 30 44 13.71  0.12 SL730,BM98,KMHK1407
LMC1504* 0.05  0.43   8.50      1  5 49 14 -66 46 37 15.41  0.12 HS422,KMHK1406
LMC1509  0.05  0.52   8.70      1  5 49 36 -67 38 47 14.68  0.14 SL732,BM104,KMHK1415
LMC1510  0.05  0.33   8.00      1  5 49 38 -70 04 43 14.57  0.09 KMHK1421
LMC1511  0.05  0.28   8.20      2  5 49 42 -68 05 33 15.35  0.17 BM106,KMHK1419
LMC1516  0.05  0.75  >9.00         5 49 60 -65 30 36 13.48  0.13 SL739,LW313,KMHK1418
LMC1520* 0.08  0.40   7.80      2  5 50 08 -68 14 45 13.10  0.12 KMHK1428
LMC1522* 0.10  0.60   8.40      2  5 50 15 -70 25 40 12.65  0.12 SL748,KMHK1437
LMC1527  0.08  0.70   8.50      2  5 50 25 -66 51 41 13.32  0.12 SL741,HS426,KMHK1429
LMC1532  0.12  0.55   8.35      1  5 50 38 -68 00 47 13.82  0.20 SL745,BM115,KMHK1438
LMC1533  0.12  0.55   8.10      1  5 50 43 -65 18 14 12.02  0.13 LW318,KMHK1433
LMC1534  0.12  0.48   7.90      2  5 50 44 -67 34 54 13.88  0.12 SL746,BM116,KMHK1442
LMC1536  0.08  0.33   7.90      2  5 50 45 -67 54 38 15.68  0.21 BM117,KMHK1445
LMC1541  0.01  0.31   8.00      2  5 50 50 -67 10 07 14.88  0.10 HS428,KMHK1444
LMC1545  0.10  0.45  >9.00         5 51 14 -69 07 29 16.38  0.13 KMHK1459
LMC1547  0.10  0.75   7.90      1  5 51 22 -69 21 39 11.60  0.12 NGC2127,SL751,ESO57SC45,KMHK1462
LMC1550  0.12  0.80   8.20      1  5 51 28 -71 10 29 12.20  0.11 NGC2133,SL757,ESO57SC46,KMHK1471
LMC1551  0.15  0.60   8.30      2  5 51 28 -70 27 28 13.39  0.12 SL756,KMHK1467
LMC1553  0.18  0.52   7.90      3  5 51 36 -69 15 25 13.88  0.13 HS434,KMHK1466
LMC1555* 0.02  0.34   8.20      2  5 51 43 -67 15 25 14.69  0.10 BSDL3138
LMC1556  0.08  0.75   8.20      1  5 51 43 -65 19 17 12.49  0.13 NGC2123,SL755,LW324,ESO86SC36,KMHK1458
LMC1558  0.10  0.26   8.20      2  5 51 47 -69 18 25 15.51  0.13 HS436,KMHK1470
LMC1559  0.08  0.52   8.50      2  5 51 47 -65 52 30 14.22  0.13 SL753,LW325,KMHK1461
LMC1560  0.15  1.40   7.40      2  5 51 56 -71 05 51 10.79  0.11 NGC2134,SL760,ESO57SC47,KMHK1480
LMC1562* 0.10  0.43   8.00      1  5 52 02 -67 16 37 13.87  0.10 KMHK1468
LMC1564  0.10  0.50   8.20      1  5 52 07 -69 32 54 13.97  0.12 HS439,KMHK1478,GKK-O129
LMC1566* 0.05  0.48   8.30      1  5 52 09 -69 40 36 14.45  0.12 SL759,KMHK1479,GKK-O133
LMC1568* 0.09  0.24   8.40      1  5 52 14 -68 13 34 16.12  0.13 HS437
LMC1569  0.10  0.17   8.30      3  5 52 15 -69 28 27 16.96  0.12 BSDL3152
LMC1571  0.10  0.67   7.90      2  5 52 23 -67 20 02 12.19  0.11 NGC2130,SL758,ESO86SC37,KMHK1476
LMC1573  0.10  0.41   8.50      2  5 52 35 -68 17 17 14.40  0.12 HS440,BM140,KMHK1483
LMC1574  0.15  0.33   8.00      2  5 52 37 -69 08 56 14.70  0.13 HS441,KMHK1485
LMC1575  0.25  0.65   8.00      1  5 52 53 -69 47 05 12.56  0.12 SL763,KMHK1488,GKK-O127
LMC1576  0.10  0.45   8.20      1  5 52 57 -69 31 51 15.30  0.12 KMHK1489
LMC1577* 0.15  1.40   7.30      2  5 52 59 -69 29 33 10.71  0.12 NGC2136,SL762,ESO57SC48,BRHT22a,KMHK1490
LMC1580  0.05  0.29   7.40      1  5 53 06 -67 21 44 13.89  0.11 KMHK1486
LMC1582* 0.05  0.52   8.10      1  5 53 12 -69 28 57 14.242 0.12 NGC2137,SL764,ESO57SC49,BRHT22b,KMHK1495
LMC1584  0.05  0.48   8.50      1  5 53 22 -67 38 51 14.91  0.13 BM149
LMC1586* 0.05  0.36   8.20      1  5 53 23 -67 25 42 15.06  0.11 KMHK1491
LMC1587  0.05  0.34   8.50      2  5 53 27 -71 41 10 19.46  0.14 H88-365,KMHK1507
LMC1589* 0.10  0.75   8.10      2  5 53 35 -67 25 40 14.14  0.11 NGC2135,SL765,ESO86SC39,BM151,KMHK1496,GKK-O22
LMC1592  0.10  0.57   8.20      2  5 53 42 -69 20 37 14.12  0.13 SL770,KMHK1503,GKK-O126
LMC1593  0.10  0.45   8.30      1  5 53 50 -67 23 09 11.73  0.11 HS445,BM154,KMHK1502
LMC1594  0.03  0.48  >8.80         5 53 52 -69 38 54 16.42  0.12 SL772,KMHK1508
LMC1597  0.05  0.36   8.40      2  5 54 06 -70 44 46 15.26  0.12 KMHK1514
LMC1599  0.10  0.60   8.20      2  5 54 14 -69 00 59 13.51  0.14 SL774,KMHK1512
LMC1600* 0.13  0.75   8.00      1  5 54 17 -68 36 01 12.77  0.13 NGC2140,SL773,ESO57SC51,BM159,KMHK1511
LMC1601  0.10  0.75   8.30      1  5 54 22 -70 54 04 12.23  0.12 NGC2145,SL780,ESO57SC52,KMHK1520,GKK-O85
LMC1603* 0.10  0.55   8.10      1  5 54 30 -67 42 44 14.44  0.15 BM161,KMHK1513,GKK-O176
LMC1606  0.10  0.49   8.30      2  5 54 41 -70 42 01 15.16  0.12 SL781,KMHK1524,GKK-O84
LMC1607  0.10  0.60   8.40      1  5 54 48 -65 50 12 14.04  0.13 NGC2138,SL777,LW330,ESO86SC40,KMHK1516
LMC1611  0.10  0.57   8.70      1  5 54 58 -67 06 50 14.67  0.11 HS447,KMHK1521
LMC1621  0.10  0.48   8.50      1  5 55 59 -70 00 49 17.06  0.11 SL787,KMHK1538
LMC1624  0.10  0.65   7.80      1  5 56 20 -69 01 03 12.67  0.14 NGC2151,SL786,ESO57SC57,KMHK1541
LMC1628  0.07  0.67   7.90      1  5 56 55 -68 36 47 12.77  0.13 SL791,BM179,KMHK1545
LMC1629  0.05  0.43   8.70      3  5 57 16 -68 36 50 16.41  0.13 H88-374,H80F5-7,BM181,KMHK1549
LMC1630  0.07  0.48   8.70      1  5 57 22 -68 58 52 16.27  0.14 KMHK1550
LMC1634  0.05  0.45   8.70      1  5 57 32 -65 20 46 15.80  0.14 BSDL3189
LMC1635  0.18  1.40   7.20      2  5 57 34 -69 11 48  9.924 0.14 NGC2157,SL794,ESO57SC58,KMHK1558
LMC1641  0.10  1.05   7.90      1  5 57 45 -68 27 38 11.33  0.13 NGC2156,SL796,ESO57SC59,BM185,KMHK1560
LMC1643  0.10  0.75   8.70      1  5 57 51 -66 24 02 13.13  0.11 NGC2153,SL792,LW341,ESO86SC43,KMHK1555
LMC1646  0.10  0.95   8.00      1  5 57 57 -68 37 26 11.40  0.13 NGC2159,SL799,ESO57SC60,BM187,KMHK1561
LMC1648  0.10  0.70   8.00      1  5 58 12 -68 17 24 12.20  0.13 NGC2160,SL801,ESO57SC61,BM188,KMHK1564
LMC1652  0.02  0.47   8.80      3  5 58 26 -70 39 15 14.83  0.14 NGC2171,SL809,KMHK1571
LMC1656  0.13  1.40   7.30      1  5 58 54 -68 31 04 10.07  0.13 NGC2164,SL808,ESO57SC62,BM191,KMHK1574
LMC1658  0.13  0.43   8.20      1  5 59 10 -68 38 20 15.58  0.13 SL810,BM192,KMHK1575
LMC1662  0.10  0.85   7.90      1  6 00 05 -68 38 13 11.70  0.13 NGC2172,SL812,ESO57SC65,BM195,KMHK1580
LMC1664  0.10  0.50   8.30      3  6 00 17 -67 45 50 14.20  0.16 LW352,BM196,KMHK1582
LMC1673  0.15  0.72   7.90      1  6 01 16 -67 44 02 12.86  0.16 NGC2177,SL816,LW355,ESO57SC66,BM204,KMHK1590
LMC1674  0.07  0.52   8.40      1  6 01 19 -66 51 14 14.09  0.12 NGC2176,SL815,LW356,ESO86SC50,KMHK1589
LMC1682  0.10  0.75   8.80      3  6 02 06 -68 20 08 13.05  0.13 SL822,LW364,BM210,KMHK1598
LMC1692* 0.10  0.47  >8.80         6 03 02 -67 23 58 15.28  0.12 LW368,BM214,KMHK1610
LMC1695  0.02  0.50   8.80      1  6 03 19 -67 03 23 14.82  0.12 LW371,HS450,KMHK1613
LMC1703  0.10  0.52  >9.00         6 04 11 -70 38 49 13.84  0.14 KMHK1626
LMC1704  0.05  0.55   8.50      1  6 04 12 -69 12 05 14.49  0.14 SL830,LW375,KMHK1624
LMC1712  0.02  0.51   8.70      2  6 05 26 -71 12 38 16.87  0.14 LW377,KMHK1634
LMC1714* 0.10  0.85  >9.00         6 05 35 -71 45 11 13.46  0.14 LW384,KMHK1638
LMC1748  0.05  0.52  >9.00         6 10 11 -70 17 42 15.54  0.13 SL853,LW417,KMHK1675
LMC1810* 0.10  0.29   8.70      2  4 43 59 -68 45 22 16.70  0.14 BSDL8
LMC1813  0.15  0.38   8.70      2  4 44 28 -68 36 30 17.97  0.14 LW42
LMC1815  0.15  0.52   8.70      1  4 45 46 -71 35 41 13.20  0.13 LW52
LMC1816  0.10  0.52   8.10      2  4 46 05 -69 32 42 15.08  0.12 HS26,KMHK77
LMC1817  0.10  0.51  >9.00         4 46 22 -66 41 32 14.36  0.13 LW57,KMHK76
LMC1819  0.10  0.55   8.10      2  4 46 33 -69 02 39 13.95  0.13 KMHK85
LMC1820  0.10  0.33   8.60      2  4 46 39 -69 19 28 17.02  0.12 BSDL22
LMC1823  0.03  0.45   8.70      1  4 48 24 -67 17 33 15.78  0.12 BSDL38
LMC1825  0.10  0.45   8.50      2  4 49 09 -68 00 27 15.34  0.10 KMHK114
LMC1827* 0.15  0.31   8.20      1  4 49 25 -69 27 55 14.32  0.11 BSDL55
LMC1828* 0.15  0.23   8.10      1  4 49 31 -69 28 31 14.71  0.11 HS34
LMC1833  0.15  0.29   7.60      1  4 49 56 -68 56 17 13.06  0.12 BSDL66
LMC1834* 0.18  0.47   7.50      1  4 50 12 -68 59 49 11.76  0.12 KMHK136
LMC1839  0.15  0.75   6.90      2  4 50 53 -69 25 15 10.10  0.12 KMHK147
LMC1841  0.05  0.62   8.60      2  4 51 18 -66 47 19 15.06  0.13 KMHK149
LMC1842  0.18  0.65   8.30      3  4 51 24 -69 06 57 15.21  0.12 H88-3,H80F1-2,KMHK161
LMC1843  0.18  0.67   8.30      2  4 51 30 -68 50 31 14.07  0.12 H88-4,H80F1-3,KMHK163
LMC1849* 0.10  0.22   8.30      3  4 52 20 -68 59 32 15.68  0.12 H88-11,H80F1-10
LMC1850  0.10  0.41   8.50      2  4 52 29 -70 00 23 15.79  0.11 KMHK192
LMC1851  0.05  0.26   8.70      2  4 52 31 -68 36 44 16.24  0.12 BSDL136
LMC1852  0.05  0.23   8.00      2  4 52 44 -66 19 12 15.65  0.12 BSDL134
LMC1853  0.23  0.28   8.00      2  4 52 54 -69 15 15 14.53  0.13 H88-13,H80F1-12
LMC1855  0.10  0.45   7.40      2  4 53 08 -67 17 46 13.09  0.11 KMHK201
LMC1856* 0.10  0.25   8.30      2  4 53 09 -68 38 34 16.07  0.12 BSDL158
LMC1857  0.10  0.30   7.50      3  4 53 11 -66 55 24 19.01  0.12 BSDL151
LMC1862* 0.05  0.36   7.00      2  4 53 29 -66 55 28 12.46  0.12 SL82,KMHK211
LMC1864  0.05  0.24   8.50      3  4 53 46 -67 04 07 15.57  0.11 BSDL174
LMC1867  0.05  0.29   7.90      2  4 54 05 -67 21 06 14.34  0.11 KMHK227
LMC1874* 0.15  0.38   8.10      1  4 54 15 -71 13 45 14.28  0.11 KMHK249
LMC1875* 0.10  0.19   8.40      3  4 54 16 -71 13 26 15.68  0.11 BSDL212
LMC1877* 0.10  0.25   8.40      2  4 54 37 -68 57 33 12.72  0.12 BSDL210
LMC1878  0.08  0.52   8.60      1  4 54 39 -68 47 42 14.18  0.12 H88-23,H80F1-20
LMC1880  0.15  0.43   7.60      2  4 54 42 -70 21 29 11.98  0.12 BH27C2,KMHK264,GKK-O109
LMC1883  0.10  0.30   7.70      2  4 55 00 -70 54 11 13.71  0.10 HS63,KMHK278,GKK-O77
LMC1884  0.10  0.36   8.00      3  4 55 04 -69 32 33 16.84  0.11 BSDL233
LMC1886  0.10  0.31   8.00      2  4 55 08 -70 14 50 15.60  0.12 KMHK279
LMC1887* 0.10  0.18   8.20      3  4 55 19 -70 10 43 15.99  0.12 BSDL245
LMC1889* 0.10  0.30   7.90      2  4 55 21 -69 56 30 14.96  0.11 HS66,KMHK284
LMC1891* 0.13  0.47   8.00      1  4 55 27 -68 50 25 13.78  0.12 KMHK282
LMC1895  0.10  0.22   8.00      2  4 55 40 -69 40 50 15.03  0.09 BSDL262
LMC1896* 0.10  0.33   8.30      2  4 55 44 -71 24 27 17.17  0.12 BSDL272
LMC1897  0.10  0.43  >9.00         4 55 48 -68 29 28 16.55  0.12 H88-37,H80F1-26
LMC1901  0.05  0.70   8.00      2  4 56 06 -69 39 25 13.45  0.09 KMHK306
LMC1902* 0.05  0.57   7.00      2  4 56 08 -69 15 11 10.87  0.12 BSDL273
LMC1903  0.15  0.28   8.10      2  4 56 17 -70 25 15 15.28  0.13 KMHK317
LMC1904  0.10  0.38   7.90      2  4 56 18 -69 41 18 13.87  0.09 BSDL281
LMC1908  0.15  0.33   8.30      3  4 56 35 -71 40 53 13.09  0.13 BSDL307
LMC1909* 0.10  0.23   7.90      1  4 56 37 -69 23 11 15.78  0.12 BSDL289
LMC1910  0.10  0.36   8.50      2  4 56 38 -68 14 13 12.67  0.10 BSDL285
LMC1914* 0.20  0.43   8.00      2  4 56 59 -68 15 12 13.18  0.10 BSDL296
LMC1917  0.05  0.22   7.80      3  4 57 14 -70 33 19 15.65  0.13 BSDL328
LMC1918  0.05  0.35   8.50      2  4 57 47 -68 51 10 15.12  0.13 H88-50,H80F1-35
LMC1919  0.15  0.25   8.10      1  4 57 56 -70 19 55 14.99  0.13 KMHK368
LMC1920  0.10  0.35   8.20      2  4 58 02 -67 54 08 15.09  0.09 H88-53
LMC1921* 0.05  0.62   8.40      2  4 58 07 -69 48 16 15.03  0.10 KMHK372
LMC1925  0.10  0.30   8.30      1  4 58 32 -69 02 33 16.80  0.13 BSDL353
LMC1926  0.07  0.43   8.50      1  4 58 34 -71 43 32 16.04  0.12 BSDL369
LMC1927  0.03  0.25   8.50      2  4 58 36 -69 48 56 15.58  0.11 KMHK382
LMC1930* 0.15  0.26   8.50      2  4 59 03 -70 09 42 14.48  0.12 BSDL374
LMC1931  0.10  0.26   8.30      1  4 59 10 -67 05 56 16.41  0.10 BSDL364
LMC1933  0.08  0.25   8.40      2  4 59 34 -65 59 27 16.18  0.11 H88-71
LMC1937  0.08  0.43   8.50      2  4 59 52 -70 06 09 16.30  0.12 HS82,KMHK413
LMC1938  0.08  0.25   8.70      2  4 59 52 -68 38 35 17.00  0.14 H88-81,H80F1-47
LMC1940  0.15  0.40   8.10      1  4 59 57 -71 22 44 14.84  0.11 KMHK420
LMC1941  0.10  0.44   8.60      3  5 00 01 -70 08 15 15.73  0.12 KMHK416
LMC1943  0.10  0.29   8.20      2  5 00 14 -69 10 44 13.64  0.13 BSDL402
LMC1945  0.10  0.36   7.60      2  5 00 19 -69 06 12 13.19  0.13 H88-85,H80F1-48,LOGLE4
LMC1950* 0.20  0.40   8.20      2  5 00 43 -69 07 14 14.25  0.13 H88-87,H80F1-50
LMC1953  0.05  0.60   8.20      2  5 00 47 -67 09 55 14.67  0.10 BSDL412
LMC1957* 0.05  0.51   8.50      2  5 01 27 -67 37 53 15.38  0.11 ZHT5
LMC1961* 0.05  0.19   8.60      2  5 01 36 -67 22 56 16.47  0.11 BSDL442
LMC1964  0.10  0.51   8.50      1  5 01 48 -67 28 27 14.36  0.11 H88-97,KMHK452,LOGLE23
LMC1977  0.07  0.50   8.20      1  5 03 44 -66 15 55 14.71  0.12 HS101
LMC1981  0.05  0.22   7.80      3  5 03 52 -68 27 06 13.64  0.13 BSDL493
LMC1983  0.10  0.43   8.20      2  5 04 01 -70 33 39 14.97  0.13 BSDL515
LMC1987* 0.05  0.54   7.80      1  5 04 24 -66 10 49 13.25  0.11 KMHK495
LMC1992  0.05  0.48   8.20      1  5 04 34 -65 54 54 14.95  0.12 BSDL509
LMC1993  0.03  0.47   8.20      1  5 04 43 -66 19 58 16.75  0.11 HS105,KMHK503
LMC1997  0.03  0.85   7.30      1  5 04 54 -70 42 55 10.73  0.12 NGC1837,SL217,ESO56SC59,KMHK523
LMC1998  0.05  0.43   7.20      1  5 04 58 -70 31 04 13.47  0.13 BSDL579
LMC1999* 0.07  0.34   8.30      1  5 05 01 -68 45 01 14.85  0.12 BSDL565,LOGLE66
LMC2009  0.07  0.29   7.40      2  5 05 40 -70 33 18 12.86  0.13 BSDL607
LMC2010  0.10  0.45   8.00      1  5 05 41 -70 48 06 14.77  0.11 BSDL614
LMC2013* 0.13  0.51   7.80      1  5 05 54 -68 37 46 12.25  0.13 BSDL603,LOGLE90
LMC2016  0.07  0.33   7.20      2  5 06 06 -68 06 56 11.96  0.12 BSDL613
LMC2020  0.05  0.34   8.70      2  5 06 13 -66 48 53 15.35  0.10 BSDL610
LMC2024  0.08  0.43   8.00      1  5 06 22 -68 35 34 13.42  0.13 BSDL623
LMC2025  0.05  0.47   8.20      1  5 06 23 -66 19 23 14.63  0.12 BSDL617
LMC2028* 0.05  0.36   8.70      2  5 06 46 -70 37 42 15.72  0.12 BSDL653
LMC2029  0.10  0.57   8.00      1  5 06 47 -68 37 05 12.85  0.13 HS118,LOGLE111
LMC2033* 0.10  0.40   8.30      2  5 06 57 -70 36 48 14.46  0.12 HS120,KMHK555
LMC2042  0.10  0.47   7.30      2  5 07 35 -71 10 03 13.12  0.10 KMHK565
LMC2046  0.18  0.29   8.10      1  5 07 44 -67 10 08 15.00  0.10 BSDL666
LMC2051  0.10  0.48   8.60      2  5 07 55 -70 39 34 16.74  0.12 BSDL689
LMC2053  0.15  0.25   8.00      1  5 08 01 -65 52 50 15.03  0.13 BSDL674
LMC2058* 0.15  0.25   8.10      1  5 08 12 -70 03 17 15.42  0.13 BSDL694
LMC2059* 0.20  0.20   7.70      2  5 08 16 -70 03 04 13.56  0.13 BSDL700
LMC2063  0.20  0.25   8.30      2  5 08 49 -68 32 06 15.05  0.13 BSDL717
LMC2065  0.05  0.25   8.30      2  5 09 00 -66 01 38 16.95  0.12 BSDL707
LMC2066  0.05  0.34   8.30      2  5 09 02 -70 49 15 16.97  0.11 BSDL743
LMC2071  0.05  0.24   8.60      2  5 09 19 -65 41 40 16.91  0.13 BSDL721
LMC2072  0.10  0.23   8.20      1  5 09 21 -71 11 11 15.14  0.10 KMHK603
LMC2084  0.03  0.30   8.60      2  5 09 55 -70 37 42 15.89  0.13 BSDL773
LMC2085  0.03  0.28   8.40      1  5 09 56 -68 39 43 14.31  0.12 KMK88-30
LMC2087  0.15  0.36   7.60      2  5 10 01 -68 14 43 13.04  0.13 KMHK609,GKK-O221
LMC2097* 0.20  0.41   8.1       3  5 10 29 -68 56 03 13.25  0.12 H88-180,LOGLE180
LMC2099  0.15  0.62   7.60      1  5 10 32 -67 07 40 13.11  0.10 SL281,KMHK616,LOGLE183
LMC2100  0.10  0.43   8.40      1  5 10 40 -70 39 21 15.55  0.13 BSDL806
LMC2105* 0.05  0.28   8.40      1  5 10 47 -66 15 57 15.23  0.12 BSDL788
LMC2112  0.10  0.25   8.10      1  5 11 05 -68 13 01 15.20  0.13 HS157,KMHK631
LMC2118  0.05  0.28   8.70      1  5 11 27 -70 55 48 16.98  0.11 BSDL843
LMC2121  0.05  0.38   8.70      1  5 11 29 -65 41 44 19.22  0.12 H88-196,H80F3-9
LMC2124  0.08  0.26   8.40      1  5 11 50 -71 15 39 15.10  0.10 BSDL859
LMC2141  0.08  0.52   8.50      1  5 12 29 -70 33 21 16.74  0.14 BSDL890
LMC2148  0.10  0.38   7.60      1  5 12 44 -67 15 55 12.71  0.10 BSDL878
LMC2161  0.10  0.38   8.60      2  5 13 46 -66 57 55 16.70  0.10 BSDL922
LMC2167  0.10  0.20   8.30      3  5 13 59 -70 38 15 15.69  0.13 BSDL964
LMC2172  0.10  0.26   7.70      1  5 14 17 -67 17 35 13.37  0.10 BSDL957
LMC2179  0.05  0.39   8.30      2  5 14 31 -65 11 27 15.36  0.13 H88-229,H80F3-23
LMC2183  0.02  0.34   8.00      2  5 14 41 -66 07 51 15.92  0.11 BSDL969
LMC2184* 0.05  0.25   7.90      1  5 14 42 -67 11 57 14.30  0.11 BSDL979
LMC2190  0.05  0.35   8.40      1  5 14 46 -65 36 30 15.92  0.12 LW171,KMHK679
LMC2193  0.05  0.31   8.60      3  5 14 54 -66 03 34 13.35  0.12 BSDL985
LMC2198* 0.10  0.77   8.20      1  5 14 59 -66 00 42 14.57  0.12 BSDL988
LMC2216* 0.06  0.23   8.60      2  5 15 38 -68 36 47 16.22  0.13 BSDL1040
LMC2217* 0.10  0.23   8.60      2  5 15 42 -68 36 34 15.08  0.13 BSDL1046
LMC2221  0.10  0.22   8.70      3  5 15 53 -68 32 17 17.16  0.14 BSDL1057
LMC2228* 0.05  0.16   8.00      3  5 16 06 -71 48 25 16.64  0.12 KMHK709e
LMC2234  0.06  0.25   8.70      2  5 16 15 -70 32 18 16.57  0.15 BSDL1093
LMC2246  0.10  0.31   8.60      1  5 17 29 -65 30 52 15.87  0.13 H88-256,H80F3-27,KMHK717
LMC2256  0.05  0.57   8.70      1  5 18 10 -65 27 20 13.93  0.14 BSDL1133
LMC2269  0.05  0.39   8.40      2  5 18 42 -65 44 38 15.37  0.13 BSDL1165
LMC2271  0.05  0.67   8.50      1  5 18 48 -66 04 60 13.96  0.12 LW182,KMHK745
LMC2272  0.05  0.35   8.30      2  5 18 51 -70 36 12 15.07  0.15 KMHK764
LMC2279  0.07  0.35   8.10      2  5 19 11 -67 29 20 14.43  0.11 KMHK758
LMC2297  0.10  0.30   8.00      3  5 20 13 -71 44 23 13.99  0.11 BSDL1306
LMC2303  0.04  0.25   8.40      1  5 20 34 -65 48 40 15.93  0.14 KMHK790
LMC2304  0.04  0.31   8.30      2  5 20 40 -66 48 46 15.57  0.10 BSDL1292
LMC2314* 0.10  0.43   8.20      1  5 21 11 -69 06 35 13.43  0.14 BSDL1332
LMC2322* 0.03  0.55   7.50      2  5 21 35 -66 05 40 13.14  0.13 KMHK811
LMC2326  0.05  0.39   8.70      3  5 21 51 -68 14 57 16.33  0.14 BSDL1366
LMC2330  0.10  0.47   8.10      1  5 22 00 -66 38 58 14.28  0.11 BSDL1362
LMC2331  0.10  0.30   8.20      1  5 22 03 -66 52 18 14.77  0.12 KMHK820
LMC2333* 0.05  0.22   8.60      3  5 22 05 -71 41 55 14.67  0.12 BSDL1424
LMC2338  0.10  0.26   8.10      2  5 22 14 -68 45 56 21.18  0.13 BSDL1400
LMC2340  0.10  0.24   8.00      2  5 22 17 -66 16 20 16.43  0.12 BSDL1383
LMC2345  0.10  0.19   8.10      1  5 22 33 -67 35 51 14.80  0.12 HS254,KMHK832
LMC2356* 0.05  0.36   8.50      2  5 22 53 -67 56 50 16.30  0.12 BSDL1443
LMC2358  0.05  0.35   8.50      2  5 22 58 -65 14 33 20.47  0.14 BSDL1420
LMC2361  0.05  0.22   8.10      2  5 23 05 -67 51 02 15.17  0.12 BSDL1460
LMC2364  0.05  0.41   7.90      1  5 23 12 -66 25 02 13.44  0.12 BSDL1456
LMC2367  0.05  0.43   8.50      1  5 23 13 -67 36 49 15.32  0.12 HS260,KMHK841
LMC2373* 0.05  0.51   8.70      2  5 23 19 -72 00 00 15.62  0.12 BSDL1519
LMC2376* 0.05  0.41   7.90      1  5 23 21 -67 58 57 14.42  0.12 BSDL1481
LMC2381* 0.05  0.19   7.80      3  5 23 28 -72 00 51 14.23  0.12 BSDL1531
LMC2384  0.05  0.20   7.90      2  5 23 35 -67 59 57 14.32  0.13 BSDL1499
LMC2391  0.05  0.26   8.40      2  5 23 58 -66 39 47 16.06  0.12 BSDL1509
LMC2392  0.05  0.24   8.10      1  5 24 01 -72 01 26 14.85  0.12 BSDL1562
LMC2399* 0.05  0.20   8.40      2  5 24 21 -65 54 17 16.81  0.12 BSDL1525
LMC2426  0.10  0.38   7.70      1  5 25 31 -66 15 36 13.06  0.11 BSDL1593
LMC2429  0.10  0.24   8.60      2  5 25 33 -66 36 18 16.78  0.12 BSDL1600
LMC2430  0.05  0.20   8.70      2  5 25 34 -69 09 21 16.90  0.13 BSDL1629
LMC2431  0.05  0.22   8.70      2  5 25 34 -66 54 47 17.10  0.12 BSDL1603
LMC2438* 0.10  0.20   8.00      1  5 25 47 -66 18 09 14.40  0.11 BSDL1610
LMC2441* 0.05  0.24   7.90      1  5 25 55 -66 17 35 14.76  0.11 BSDL1622
LMC2442  0.05  0.41   8.10      1  5 25 56 -66 11 03 13.78  0.11 BSDL1624
LMC2447  0.05  0.26   8.00      1  5 26 06 -67 10 57 12.17  0.12 BSDL1657
LMC2449  0.05  0.19   8.40      2  5 26 07 -67 59 18 15.77  0.12 BSDL1668
LMC2459* 0.05  0.28   7.70      1  5 26 22 -66 22 55 14.00  0.11 BSDL1671
LMC2463* 0.10  0.29   8.20      1  5 26 26 -67 37 23 15.76  0.12 BSDL1695
LMC2467  0.05  0.43   8.00      1  5 26 30 -66 34 55 15.30  0.12 BSDL1691
LMC2470  0.05  0.25   8.40      2  5 26 40 -71 50 28 15.71  0.12 BSDL1782
LMC2471  0.05  0.23   7.80      3  5 26 43 -68 57 50 13.92  0.13 BSDL1745
LMC2479* 0.05  0.20   7.90      3  5 26 56 -66 00 58 19.66  0.12 BSDL1729
LMC2486* 0.02  0.19   7.90      3  5 27 06 -67 27 36 14.15  0.12 BSDL1760
LMC2488* 0.02  0.25   7.50      2  5 27 08 -67 27 55 12.98  0.12 BSDL1764
LMC2497* 0.02  0.26   7.50      3  5 27 34 -70 36 48 12.54  0.14 BSDL1830
LMC2506* 0.05  0.40   8.00      1  5 27 50 -68 24 50 13.71  0.13 SL491,KMHK928
LMC2511* 0.05  0.23   8.20      2  5 27 56 -71 31 09 15.75  0.12 BSDL1876
LMC2517* 0.05  0.47   7.70      2  5 28 00 -71 50 03 13.81  0.12 HS311,KMHK949w
LMC2518* 0.05  0.40   7.90      2  5 28 00 -71 55 46 15.10  0.12 BSDL1887
LMC2519* 0.05  0.24   8.20      1  5 28 00 -69 00 50 14.15  0.13 BSDL1846
LMC2522* 0.07  0.30   8.20      2  5 28 04 -71 49 48 14.05  0.12 KMHK949e
LMC2524* 0.07  0.23   7.70      2  5 28 09 -69 07 37 15.94  0.13 BSDL1860
LMC2526  0.10  0.45   7.70      1  5 28 12 -67 07 20 13.69  0.12 KMHK930
LMC2530  0.07  0.30   7.70      1  5 28 17 -67 28 14 15.88  0.12 BSDL1854
LMC2532  0.05  0.30   7.60      1  5 28 26 -68 46 58 13.06  0.12 BSDL1879
LMC2533  0.10  0.24   7.80      1  5 28 28 -68 39 01 14.18  0.12 KMHK945
LMC2535* 0.05  0.44   7.50      2  5 28 31 -69 08 13 12.95  0.13 BSDL1890
LMC2538  0.05  0.24   7.60      1  5 28 50 -67 27 28 12.94  0.12 BSDL1895
LMC2541  0.05  0.34   8.30      1  5 28 54 -69 01 39 15.45  0.13 BSDL1910
LMC2542  0.05  0.35   7.50      2  5 28 56 -68 47 30 12.37  0.12 KMHK953
LMC2545  0.10  0.36   8.00      1  5 29 09 -71 48 53 14.31  0.11 KMHK969
LMC2546* 0.10  0.72   7.40      2  5 29 10 -68 44 50 11.55  0.12 KMHK955
LMC2547* 0.10  0.29   7.60      2  5 29 13 -68 43 40 13.38  0.12 BSDL1929
LMC2549  0.10  0.34   7.30      2  5 29 19 -67 16 13 14.11  0.11 BSDL1921
LMC2550  0.05  0.30   8.50      2  5 29 19 -66 59 05 16.41  0.12 BSDL1915
LMC2551  0.05  0.52   7.60      1  5 29 20 -69 00 21 11.34  0.13 BSDL1938
LMC2554  0.15  0.29   7.20      3  5 29 27 -69 09 00 12.10  0.13 BSDL1943
LMC2555  0.13  0.34   7.60      2  5 29 27 -67 08 56 14.54  0.11 BSDL1930
LMC2556* 0.10  0.36   7.90      2  5 29 33 -69 23 26 13.47  0.15 BSDL1951,LOGLE524
LMC2562* 0.10  0.30   7.30      2  5 29 39 -70 59 02 13.72  0.11 KMHK979,GKK-O101
LMC2566* 0.05  0.70  >8.80         5 29 52 -72 03 10 13.57  0.12 HS330,KMHK996
LMC2571* 0.03  0.24   7.50      2  5 29 59 -66 55 55 14.05  0.11 BSDL1958
LMC2573* 0.03  0.23   7.90      1  5 30 03 -66 55 52 14.27  0.11 BSDL1963
LMC2578* 0.03  0.25   8.50      3  5 30 09 -68 57 35 15.85  0.13 BSDL2004
LMC2580* 0.05  0.26   8.60      3  5 30 12 -68 56 19 17.70  0.13 BSDL2011
LMC2583* 0.10  1.10   7.50      1  5 30 22 -65 54 32 11.11  0.12 ESO86SC2,KMHK981
LMC2594  0.10  0.25   8.20      2  5 30 56 -66 40 07 14.86  0.11 BSDL2051
LMC2595  0.10  0.30   7.70      2  5 31 00 -69 17 04 12.89  0.14 KMK88-65
LMC2596* 0.15  0.24   7.80      1  5 31 00 -69 21 10 14.76  0.15 BSDL2104
LMC2597* 0.15  0.38   8.00      1  5 31 01 -69 06 08 14.26  0.13 BSDL2097
LMC2599  0.03  0.55   8.40      1  5 31 04 -66 11 34 13.80  0.12 BSDL2061
LMC2602  0.03  0.30   8.60      2  5 31 08 -67 01 21 13.91  0.11 BSDL2080,GKK-O245
LMC2605  0.03  0.23   8.20      1  5 31 11 -67 09 08 17.04  0.10 BSDL2087
LMC2608  0.03  0.33   7.90      2  5 31 15 -67 10 53 16.65  0.10 BSDL2094
LMC2610* 0.03  0.29   8.00      1  5 31 15 -66 37 10 15.05  0.11 BSDL2086
LMC2613* 0.15  0.45   8.00      1  5 31 18 -68 48 52 12.95  0.12 KMHK1009
LMC2614* 0.05  0.22   8.20      1  5 31 19 -67 05 44 15.23  0.11 BSDL2103
LMC2616* 0.05  0.40   8.40      1  5 31 23 -66 36 20 16.46  0.11 BSDL2105
LMC2620* 0.05  0.20   7.30      1  5 31 39 -67 00 32 13.65  0.11 BSDL2136
LMC2622  0.10  0.26   8.20      2  5 31 42 -68 48 51 14.75  0.12 KMK88-66
LMC2623  0.13  0.38   7.70      1  5 31 44 -70 48 12 13.32  0.12 KMHK1037
LMC2628  0.10  0.10   7.90      2  5 31 53 -67 12 28 15.74  0.10 BSDL2169
LMC2629* 0.10  0.19   7.90      1  5 31 57 -70 41 51 15.18  0.13 BSDL2233
LMC2631  0.05  0.30   7.80      1  5 31 59 -66 16 57 13.82  0.11 KMHK1021
LMC2632  0.05  0.28   8.70      3  5 32 01 -66 50 57 13.49  0.11 BSDL2180
LMC2634  0.02  0.34   7.40      3  5 32 03 -66 03 16 14.01  0.12 BSDL2171
LMC2643  0.05  0.29   7.80      1  5 32 36 -67 31 44 13.65  0.11 KMHK1050
LMC2644  0.05  0.24   7.90      3  5 32 40 -67 10 10 19.78  0.11 BSDL2245
LMC2651  0.05  0.25   8.10      1  5 33 02 -68 57 02 16.45  0.13 BSDL2276
LMC2652  0.25  0.45   7.90      1  5 33 07 -68 45 34 13.11  0.12 KMK88-73,KMHK1060
LMC2656  0.05  0.30   7.10      1  5 33 17 -67 31 13 12.33  0.12 BSDL2283
LMC2659  0.15  0.49   7.80      2  5 33 20 -68 49 48 12.75  0.12 KMK88-74
LMC2663  0.10  0.30   7.60      1  5 33 33 -67 30 01 13.62  0.12 BSDL2302
LMC2670  0.10  0.43   8.00      2  5 33 52 -67 40 47 14.57  0.12 KMHK1075
LMC2673* 0.10  0.23   8.00      1  5 34 03 -66 50 35 14.87  0.11 BSDL2329
LMC2674  0.05  0.20   8.20      1  5 34 04 -71 43 36 16.10  0.11 BSDL2417
LMC2675  0.05  0.23   7.10      3  5 34 04 -66 47 25 12.62  0.11 BSDL2335
LMC2677  0.13  0.41   8.00      1  5 34 09 -67 31 44 15.40  0.12 KMHK1082
LMC2678* 0.13  0.20   8.20      1  5 34 09 -67 46 08 16.39  0.12 BSDL2354
LMC2683  0.15  0.29   7.50      1  5 34 15 -69 02 37 11.80  0.13 BSDL2385
LMC2684  0.10  0.40   8.00      1  5 34 17 -67 47 49 14.84  0.11 BSDL2368
LMC2687  0.05  0.28   8.30      2  5 34 23 -65 22 44 15.55  0.14 BSDL2350
LMC2688  0.20  0.29   7.50      1  5 34 24 -69 06 09 12.50  0.13 BSDL2402
LMC2694  0.05  0.25   7.80      2  5 34 33 -66 01 27 14.93  0.12 BSDL2376
LMC2700  0.05  0.43   7.90      2  5 34 42 -66 38 36 13.18  0.11 KMHK1093
LMC2701  0.02  0.28   7.30      2  5 34 43 -66 21 16 13.51  0.11 BSDL2395
LMC2706* 0.02  0.23   8.60      1  5 35 07 -65 18 07 16.06  0.14 BSDL2427
LMC2707* 0.02  0.26   7.60      1  5 35 18 -66 54 33 14.25  0.11 BSDL2455
LMC2709* 0.02  0.51   8.80      3  5 35 37 -68 28 01 16.84  0.12 KMHK1118
LMC2711* 0.05  0.72   7.20      1  5 35 38 -68 51 32 11.27  0.12 KMHK1122
LMC2713  0.05  0.29   7.70      1  5 35 41 -66 32 35 13.38  0.11 KMHK1115
LMC2717  0.08  0.34   7.20      1  5 35 56 -67 27 32 11.46  0.12 BSDL2507
LMC2718* 0.05  0.24   7.70      2  5 35 60 -66 53 07 14.57  0.10 BSDL2508
LMC2722* 0.02  0.28   7.40      3  5 36 12 -66 52 19 14.49  0.10 BSDL2520
LMC2730  0.20  0.30   7.50      3  5 36 32 -69 27 21 13.25  0.14 BSDL2565
LMC2733  0.02  0.40   7.30      2  5 36 37 -67 27 18 12.58  0.11 BSDL2551
LMC2735* 0.08  0.24   7.70      2  5 36 43 -69 39 04 14.12  0.13 BSDL2575
LMC2743  0.10  0.49   7.90      1  5 37 05 -67 52 11 13.75  0.11 KMHK1142
LMC2762  0.10  0.29   8.20      1  5 38 01 -67 15 37 16.16  0.12 KMHK1159
LMC2765  0.20  0.43   7.80      1  5 38 14 -71 05 46 14.08  0.09 HS375,KMHK1172
LMC2766  0.10  0.28   8.30      1  5 38 31 -72 19 31 15.36  0.12 BSDL2682
LMC2769  0.20  0.70   7.70      2  5 38 36 -65 50 34 14.90  0.12 BSDL2644
LMC2773  0.20  0.24   8.10      2  5 38 50 -68 49 05 15.84  0.13 BSDL2666
LMC2789* 0.20  0.33   7.60      1  5 39 50 -69 23 13 13.06  0.14 BSDL2721
LMC2790* 0.05  0.43   7.60      1  5 39 55 -69 24 25 12.18  0.14 BSDL2726
LMC2793  0.10  0.20   7.70      1  5 40 04 -66 56 02 14.41  0.10 BSDL2712
LMC2794  0.10  0.28   8.00      2  5 40 05 -69 21 54 13.67  0.14 BSDL2738
LMC2796  0.13  0.35   7.60      1  5 40 08 -67 05 50 13.14  0.11 BSDL2717
LMC2801* 0.10  0.38   7.30      1  5 40 13 -69 24 06 11.46  0.14 BSDL2747
LMC2802  0.10  0.34   8.40      2  5 40 16 -71 18 29 14.66  0.10 KMHK1217
LMC2804  0.05  0.23   8.40      2  5 40 26 -66 34 24 16.52  0.12 BSDL2734
LMC2808* 0.25  0.24   7.80      2  5 40 39 -69 15 29 15.14  0.14 BSDL2768
LMC2809* 0.10  0.45   7.60      1  5 40 40 -67 21 11 12.40  0.11 KMHK1212
LMC2814  0.30  0.23   7.40      2  5 40 57 -69 27 51 14.44  0.13 BSDL2786
LMC2816* 0.02  0.22   8.20      2  5 41 04 -67 28 02 16.22  0.11 BSDL2773
LMC2820* 0.10  0.35   7.90      1  5 41 13 -67 13 59 16.48  0.11 BSDL2781
LMC2823  0.15  0.33   8.00      1  5 41 18 -69 19 34 15.24  0.14 BSDL2807
LMC2826  0.05  0.50   8.10      2  5 41 21 -67 54 49 15.53  0.11 BSDL2796
LMC2834  0.05  0.23   8.20      2  5 41 39 -67 00 50 15.79  0.11 BSDL2810
LMC2840* 0.05  0.50   8.00      1  5 41 55 -68 54 00 14.32  0.13 H88-317
LMC2842* 0.10  0.24   7.90      2  5 41 57 -69 01 49 15.48  0.13 H88-319
LMC2844  0.03  0.18   8.50      1  5 42 00 -68 24 18 16.19  0.12 BSDL2836
LMC2845  0.05  0.26   8.40      1  5 42 07 -67 12 26 16.65  0.11 BSDL2832
LMC2846  0.08  0.36   8.00      1  5 42 12 -68 55 02 15.05  0.13 NGC2094,SL659,ESO57SC26,KMHK1260
LMC2851  0.10  0.26   8.20      2  5 42 30 -68 34 08 14.14  0.12 BM5
LMC2859* 0.15  0.28   7.60      1  5 43 04 -69 27 12 13.19  0.13 BSDL2886
LMC2864  0.17  0.45   7.90      1  5 43 29 -67 26 56 14.49  0.12 BM12
LMC2869  0.10  0.36   7.30      2  5 43 35 -67 16 35 14.50  0.11 BM16
LMC2873  0.13  0.33   8.20      1  5 43 43 -67 37 06 16.16  0.13 BM22
LMC2876* 0.12  0.39   7.90      1  5 44 02 -67 31 35 14.24  0.12 BM24,KMHK1300
LMC2879  0.12  0.50   8.40      2  5 44 33 -68 06 46 15.14  0.15 BM29
LMC2887* 0.15  0.50   8.00      3  5 44 42 -68 30 09 14.14  0.12 BM33
LMC2891* 0.05  0.67   7.90      1  5 44 49 -67 19 43 11.83  0.10 BM32
LMC2892  0.15  0.31   7.80      1  5 44 53 -67 21 29 14.36  0.11 BM35
LMC2896* 0.15  0.33   8.00      1  5 44 59 -67 20 09 15.51  0.10 BM39
LMC2897* 0.15  0.43   8.50      1  5 45 02 -68 07 02 16.78  0.15 BM44
LMC2898  0.15  0.20   7.50      3  5 45 04 -69 02 04 15.11  0.14 BSDL2944
LMC2899* 0.05  0.75   8.40      2  5 45 05 -66 57 57 13.45  0.11 BSDL2934
LMC2906  0.05  0.48   8.60      3  5 45 40 -66 41 29 14.67  0.12 BSDL2952
LMC2907* 0.05  0.38   8.60      3  5 45 42 -67 23 31 15.12  0.11 BM48
LMC2911* 0.05  0.29   8.10      3  5 45 56 -67 47 26 15.95  0.17 BM51
LMC2912* 0.05  0.26   8.80      3  5 45 59 -67 48 14 16.48  0.17 BM54
LMC2913* 0.15  0.28   7.90      3  5 46 00 -67 23 08 16.84  0.11 BM53
LMC2916  0.10  0.30   8.40      3  5 46 08 -66 38 57 14.23  0.12 BSDL2968
LMC2919  0.10  0.67   8.60      2  5 46 24 -71 37 04 14.61  0.11 H88-336
LMC2924  0.12  0.36   8.00      1  5 46 43 -67 34 51 14.75  0.12 BM74
LMC2929  0.02  0.29   8.40      1  5 46 56 -67 15 42 14.98  0.10 BSDL2985
LMC2930  0.02  0.48   8.20      2  5 46 57 -67 37 42 14.10  0.13 BM75
LMC2933  0.05  0.68   8.50      2  5 47 03 -66 43 08 15.95  0.12 BSDL2987
LMC2949  0.05  0.26   8.30      1  5 47 47 -67 28 32 15.54  0.11 BM88
LMC2950  0.05  0.48   8.40      2  5 47 48 -69 04 07 14.58  0.13 BSDL3030
LMC2953* 0.10  0.45   8.30      1  5 47 57 -70 44 22 15.63  0.11 BSDL3051
LMC2960  0.03  0.29   8.60      1  5 48 20 -67 21 22 20.93  0.11 BM92
LMC2965  0.05  0.36   8.20      1  5 48 36 -67 20 31 15.13  0.10 BM94
LMC2967  0.08  0.29   8.10      1  5 48 36 -66 51 58 14.47  0.12 BSDL3053
LMC2979  0.10  0.38   8.00      2  5 49 18 -67 20 17 15.20  0.11 BM99
LMC2982  0.08  0.43   8.10      2  5 49 21 -67 21 58 15.29  0.11 BM101
LMC2984  0.08  0.24   8.40      1  5 49 42 -69 35 12 16.67  0.12 BSDL3102
LMC2985  0.12  0.49   7.50      2  5 49 46 -67 18 21 12.63  0.10 BSDL3096
LMC2988  0.08  0.31   8.50      1  5 50 07 -71 48 03 16.30  0.13 BSDL3116
LMC2990  0.08  0.39   8.40      3  5 50 21 -68 39 27 12.86  0.13 BM112
LMC2993  0.05  0.41   8.30      1  5 50 44 -67 23 06 15.56  0.11 BM114,KMHK1440
LMC2996  0.08  0.55   8.40      1  5 51 05 -69 48 30 15.05  0.11 HS432,KMHK1457
LMC2997  0.10  0.29   8.40      1  5 51 07 -70 19 10 16.35  0.11 BSDL3134
LMC2998  0.08  0.33   8.00      2  5 51 10 -67 20 16 15.20  0.10 BM121
LMC2999  0.02  0.38   8.50      1  5 51 12 -67 11 24 15.56  0.10 HS431,KMHK1450
LMC3006  0.02  0.50   8.30      1  5 51 35 -67 12 53 15.11  0.10 BSDL3135
LMC3010* 0.05  0.44   8.20      2  5 51 50 -67 16 07 14.72  0.10 BSDL3140
LMC3013* 0.02  0.35   8.40      1  5 52 06 -69 40 52 15.51  0.12 BSDL3150
LMC3016  0.08  0.50   7.30      2  5 52 11 -68 09 45 16.91  0.15 BM131
LMC3017* 0.08  0.52   7.50      2  5 52 14 -68 13 44 14.60  0.13 BM134,KMHK1474
LMC3019  0.10  0.20   8.10      1  5 52 37 -67 24 36 15.40  0.11 BM139
LMC3020  0.13  0.34   8.00      1  5 52 51 -67 31 19 14.52  0.12 BSDL3156
LMC3022  0.10  0.25   8.30      1  5 53 07 -68 06 39 15.84  0.16 BM148
LMC3023  0.10  0.38   8.40      2  5 53 08 -67 23 08 14.95  0.11 BM146
LMC3024  0.10  0.29   8.20      2  5 53 09 -67 30 52 16.49  0.12 BM147
LMC3029* 0.05  0.38   7.80      3  5 53 47 -67 19 26 15.70  0.11 U2,BRHT58b,KMHK1500
LMC3032* 0.05  0.28   8.40      1  5 54 19 -68 36 33 15.36  0.13 BM160
LMC3033  0.03  0.36   8.20      2  5 54 30 -68 44 26 15.39  0.13 BM162
LMC3035* 0.05  0.40   8.60      1  5 54 42 -67 42 28 20.37  0.15 BM163
LMC3041  0.12  0.43   8.20      1  5 55 52 -67 52 09 14.92  0.18 BM172,KMHK1533
LMC3043  0.08  0.33   8.00      1  5 55 56 -66 57 04 14.88  0.12 LW335,U5,KMHK1532
LMC3051* 0.10  0.38   7.60      2  5 58 54 -68 57 11 14.60  0.14 BSDL3194
LMC3052  0.05  0.43   8.40      2  5 59 32 -67 05 52 16.18  0.12 BSDL3196
LMC3056  0.05  0.33   8.20      2  6 00 29 -68 14 53 15.45  0.13 BM199
LMC3058  0.08  0.23   8.20      1  6 00 53 -67 56 27 14.85  0.18 BM202
LMC3060  0.20  0.36   8.30      1  6 02 58 -70 14 33 15.84  0.11 BSDL3210
LMC3061  0.05  0.33   8.40      3  6 03 01 -68 29 11 16.18  0.14 BM216
LMC3062  0.05  0.28   8.00      1  6 03 23 -68 16 26 14.40  0.12 H88-390,H80F5-23,BM219
LMC3063  0.02  0.34   8.60      3  6 03 28 -66 40 54 15.73  0.12 KMHK1614
LMC3064  0.12  0.34   8.40      1  6 03 43 -67 09 20 15.29  0.11 KMHK1619
LMC3067  0.05  0.75  >8.80         6 05 13 -69 12 46 16.24  0.14 BSDL3215
LMC3084  0.05  0.29   8.50      1  6 11 23 -71 54 13 16.17  0.13 LW422,KMHK1684
LMC3109  0.10  0.24   8.40      2  4 41 09 -68 07 53 15.86  0.11 BSDL2
LMC3111  0.10  0.38   8.40      1  4 42 10 -69 21 50 15.49  0.14 LW28,KMHK40
LMC3113  0.13  0.48   8.00      1  4 42 51 -68 04 28 14.25  0.10 LW30,KMHK42
LMC3114  0.13  0.44   8.60      2  4 43 31 -70 24 29 16.52  0.13 KMHK51
LMC3115* 0.18  0.51   8.30      1  4 43 38 -69 42 44 15.26  0.11 SL23,LW36,HS24,BRHT23b,KMHK50
LMC3116* 0.16  0.38   8.20      1  4 43 43 -69 43 11 15.76  0.11 SL23A,BRHT23a,KMHK52
LMC3117  0.15  0.41   8.70      3  4 43 45 -70 33 06 15.99  0.13 KMHK56
LMC3118  0.16  0.52   8.00      1  4 43 53 -68 49 39 13.58  0.14 NGC1676,SL25,LW37,ESO55SC36,KMHK53
LMC3119* 0.10  0.45   8.20      2  4 43 59 -68 46 43 15.32  0.14 LW39,KMHK54
LMC3120  0.10  0.23   8.40      2  4 44 16 -69 22 18 15.93  0.13 BSDL11
LMC3124  0.10  0.65   8.10      1  4 45 50 -67 29 43 14.13  0.12 LW51,ESO55SC37,KMHK69
LMC3125  0.10  0.40   7.80      1  4 45 58 -69 03 13 12.97  0.13 KMHK74
LMC3126  0.13  0.57   8.40      1  4 46 11 -69 39 02 15.29  0.11 KMHK78
LMC3131  0.15  0.43   8.10      2  4 48 49 -69 23 51 14.46  0.12 BSDL44
LMC3132  0.10  0.50  >8.80         4 49 07 -67 20 30 15.53  0.12 KMHK112
LMC3133  0.03  0.40   8.20      1  4 49 16 -69 52 30 14.71  0.10 HS33,KMHK119
LMC3135  0.07  0.20   8.00      2  4 49 31 -69 38 39 14.36  0.10 BSDL58
LMC3141* 0.15  0.43   7.60      1  4 50 60 -70 01 24 11.98  0.11 KMHK156
LMC3142* 0.15  0.22   8.25      1  4 51 03 -70 00 43 15.28  0.11 BSDL103
LMC3144  0.05  0.29   7.90      1  4 51 30 -67 27 15 13.47  0.12 HS41,KMHK158
LMC3145  0.15  0.31   8.20      2  4 51 45 -71 20 10 15.25  0.11 KMHK179
LMC3157  0.15  0.40   8.10      3  4 53 51 -69 34 19 13.24  0.10 KMHK229
LMC3158* 0.15  0.17   8.30      1  4 54 05 -69 40 55 16.09  0.09 BSDL192
LMC3162  0.15  0.26   7.10      1  4 54 18 -69 18 39 12.99  0.12 H88-18,H80F1-17,KMHK242
LMC3163  0.15  0.19   8.60      2  4 54 27 -70 58 13 14.13  0.10 BSDL219
LMC3164  0.10  0.38   8.20      1  4 54 28 -65 49 13 14.63  0.12 KMHK233
LMC3168  0.10  0.25   8.20      1  4 54 38 -70 48 33 15.77  0.10 KMHK262
LMC3169* 0.10  0.28   8.30      3  4 54 45 -68 57 45 12.24  0.12 BRHT43b
LMC3172* 0.07  0.30   8.00      1  4 55 07 -67 28 58 15.13  0.12 H88-24,KMHK263
LMC3173* 0.15  0.31   8.20      1  4 55 13 -70 11 29 14.31  0.12 HS64,KMHK281
LMC3174  0.15  0.23   7.30      2  4 55 37 -69 45 16 14.56  0.09 BSDL256
LMC3184  0.15  0.41   8.10      2  4 58 08 -70 24 11 12.89  0.13 KMHK376,GKK-O110
LMC3189  0.10  0.38   8.00      1  4 58 14 -68 56 29 14.08  0.13 H88-57,H80F1-39
LMC3191  0.20  0.51   8.30      1  4 58 17 -70 04 51 13.61  0.12 SL146,KMHK377
LMC3193  0.15  0.38   7.60      1  4 58 21 -67 28 45 13.26  0.11 H88-54,KMHK369,GKK-O223
LMC3196  0.10  0.26   8.70      3  4 58 41 -70 31 39 13.14  0.13 BSDL365
LMC3198* 0.10  0.29   8.60      3  4 58 46 -68 38 18 13.70  0.13 H88-69,H80F1-42,KMHK381w
LMC3201* 0.15  0.55   8.10      1  4 59 06 -70 10 05 12.94  0.12 NGC1791,SL155,ESO56SC41,KMHK391
LMC3206  0.15  0.48   8.10      1  5 00 26 -68 46 23 13.64  0.14 HS83,KMHK421,LOGLE5
LMC3208  0.10  0.33   8.30      1  5 00 28 -66 11 02 16.34  0.11 H88-83
LMC3210  0.15  0.55   8.30      3  5 01 01 -67 55 01 15.14  0.12 HS86,KMHK435
LMC3213  0.15  0.30   8.00      3  5 01 16 -68 08 53 13.83  0.12 BSDL433
LMC3216  0.15  0.51   7.60      1  5 01 54 -70 31 23 12.86  0.13 KMHK464
LMC3217  0.20  0.47   7.60      1  5 01 54 -68 23 40 12.73  0.13 KMHK457
LMC3223  0.02  0.48   7.20      2  5 03 24 -70 20 11 12.13  0.13 NGC1823,SL198,ESO56SC51,KMHK487
LMC3225  0.02  0.30   8.00      2  5 03 42 -70 26 56 14.90  0.13 BSDL498
LMC3230* 0.05  0.22   8.00      2  5 04 25 -66 10 52 14.85  0.11 BSDL504
LMC3232  0.05  0.43   8.30      2  5 04 27 -70 39 54 14.05  0.12 BSDL547
LMC3236  0.10  0.31   8.30      1  5 04 34 -65 53 11 15.75  0.12 KMHK496
LMC3240  0.05  0.54  >8.80         5 05 03 -66 29 58 14.54  0.12 KMHK511
LMC3259  0.18  0.50   7.30      1  5 06 57 -69 08 51 11.39  0.12 SL237,LOGLE116
LMC3267* 0.28  0.43   7.60      1  5 07 55 -70 01 58 13.32  0.13 KMHK572
LMC3271  0.10  0.80   8.30      2  5 08 18 -70 34 28 13.54  0.13 KMHK581
LMC3272  0.10  0.24   8.30      2  5 08 18 -66 07 27 14.51  0.11 HS124,KMHK564
LMC3273  0.07  0.50   8.10      1  5 08 32 -70 26 55 14.04  0.14 KMHK587
LMC3283  0.20  0.55   8.20      2  5 09 16 -68 44 01 13.41  0.12 H88-165,LOGLE152
LMC3285  0.10  0.28   7.80      3  5 09 34 -71 16 27 13.98  0.10 KMHK610,GKK-O70
LMC3296* 0.05  0.29   7.10      2  5 10 15 -68 29 56 13.03  0.13 BRHT31b
LMC3297  0.10  0.25   7.20      2  5 10 28 -67 09 53 13.27  0.10 BSDL777
LMC3309  0.10  0.24   7.80      2  5 11 26 -66 23 07 15.05  0.12 BSDL816
LMC3320  0.10  0.43   7.50      1  5 12 29 -67 17 28 12.60  0.10 SL310,KMHK652,LOGLE224
LMC3370  0.05  0.39   8.30      1  5 17 23 -66 23 03 15.30  0.11 KMHK718
LMC3373  0.05  0.55   8.70      2  5 17 47 -71 09 22 14.06  0.10 KMHK740
LMC3380  0.03  0.49   8.40      2  5 18 18 -65 41 25 13.51  0.13 LW181,HS215,KMHK728
LMC3381  0.05  0.31   8.30      2  5 18 40 -66 13 06 14.71  0.12 HS217,KMHK741
LMC3383  0.15  0.70   8.30      1  5 18 46 -71 52 13 15.66  0.11 SL380,KMHK767,GKK-O12
LMC3391  0.10  0.25   7.90      1  5 19 12 -65 51 21 14.06  0.13 KMHK754
LMC3395  0.15  0.35   8.00      1  5 19 25 -66 30 02 13.47  0.11 SL382,KMHK762
LMC3397  0.10  0.72   8.00      2  5 19 34 -71 52 28 13.67  0.10 SL394,KMHK789
LMC3400  0.05  0.35   8.60      2  5 19 43 -66 14 40 14.63  0.11 HS229,KMHK769
LMC3405  0.02  0.38   8.40      1  5 20 05 -66 20 35 14.84  0.11 KMHK777
LMC3406* 0.05  0.24   8.50      1  5 20 09 -66 24 54 14.47  0.11 HS233,BH53C1,KMHK778
LMC3412  0.05  0.29   8.30      1  5 21 02 -66 03 09 14.90  0.13 KMHK800
LMC3415  0.15  0.36   7.80      1  5 21 28 -66 40 09 13.39  0.11 BSDL1330
LMC3424  0.05  0.55   8.10      1  5 22 31 -66 35 46 13.88  0.11 KMHK828
LMC3427  0.05  0.24   8.30      1  5 22 56 -71 58 38 15.28  0.12 HS262,KMHK844,GKK-O13
LMC3434  0.05  0.24   7.90      2  5 23 43 -66 39 53 14.12  0.12 BSDL1497
LMC3443  0.15  0.24   7.70      3  5 24 42 -66 22 46 14.27  0.11 BSDL1551
LMC3444  0.15  0.34   7.90      2  5 24 48 -67 05 10 14.36  0.13 HS277,KMHK867
LMC3447* 0.15  0.38   7.80      1  5 25 09 -66 38 55 13.23  0.12 SL452,KMHK871
LMC3451  0.20  0.33   7.30      3  5 25 24 -66 10 25 14.18  0.12 BSDL1587
LMC3455  0.15  0.41   7.60      1  5 25 45 -66 15 49 12.62  0.11 BSDL1609
LMC3465* 0.10  0.33   7.50      2  5 26 24 -69 12 36 13.27  0.14 BSDL1715
LMC3472  0.10  0.22   7.50      3  5 26 56 -67 39 42 13.25  0.12 BSDL1747
LMC3475  0.15  0.33   8.30      2  5 27 09 -66 53 06 14.36  0.12 HS302,KMHK913
LMC3477  0.05  0.38   8.20      1  5 27 22 -66 47 14 14.26  0.12 HS303,KMHK916
LMC3478  0.05  0.40   7.30      3  5 27 35 -66 32 36 13.45  0.11 KMHK920
LMC3479* 0.05  0.55   7.80      1  5 27 43 -66 00 45 12.71  0.12 BRHT36b,KMHK922
LMC3480  0.08  0.30   8.30      2  5 27 49 -66 19 01 13.37  0.11 BSDL1797
LMC3481* 0.10  0.28   7.30      2  5 27 52 -68 59 10 12.11  0.13 BSDL1834
LMC3482* 0.05  0.23   8.60      3  5 27 55 -71 32 41 14.21  0.12 BSDL1875
LMC3489  0.05  0.44   7.50      1  5 28 20 -67 02 19 12.13  0.12 KMHK936
LMC3498  0.10  0.36   8.30      2  5 29 20 -70 34 46 14.46  0.15 SL510,KMHK968
LMC3505  0.10  0.26   7.50      3  5 29 55 -69 00 47 13.84  0.13 KMK88-60
LMC3509* 0.03  0.33   7.50      2  5 30 09 -66 56 15 13.07  0.11 KMHK977
LMC3510  0.20  0.30   7.80      1  5 30 16 -68 27 30 13.28  0.13 KMHK985
LMC3515  0.15  0.52   7.90      1  5 30 35 -71 48 39 12.98  0.11 SL536,KMHK1006
LMC3516  0.15  0.26   7.70      2  5 30 35 -66 31 35 14.76  0.11 KMHK986
LMC3518* 0.05  0.26   8.70      2  5 30 49 -71 35 44 17.11  0.11 BSDL2122
LMC3519  0.05  0.80   7.70      1  5 30 49 -66 24 59 12.34  0.11 SL527,KMHK995
LMC3525* 0.05  0.52   8.70      3  5 31 02 -71 35 45 13.85  0.11 HS334,KMHK1014
LMC3526  0.05  0.45   8.30      3  5 31 08 -65 20 57 14.65  0.14 BSDL2056
LMC3532  0.05  0.31   8.00      2  5 31 31 -66 01 09 15.01  0.12 KMHK1007
LMC3534* 0.05  0.22   8.30      2  5 31 36 -67 00 17 14.99  0.11 BSDL2130
LMC3536  0.05  0.33   8.00      2  5 31 39 -66 15 49 15.24  0.11 HS337,KMHK1010
LMC3540* 0.05  0.26   7.80      2  5 31 49 -67 17 47 15.18  0.11 BSDL2161
LMC3542* 0.05  0.24   8.00      3  5 31 53 -68 47 06 14.29  0.12 KMK88-69
LMC3545* 0.10  0.52   8.10      2  5 32 05 -70 41 56 14.09  0.13 SL561,KMHK1048,GKK-O99
LMC3546  0.10  0.28   8.20      1  5 32 06 -67 11 37 16.32  0.11 HS344
LMC3547* 0.15  0.48   7.60      2  5 32 07 -69 14 31 12.12  0.14 SL557,BRHT15a,KMK88-71
LMC3548* 0.10  0.19   7.90      3  5 32 10 -67 01 00 15.79  0.11 BSDL2195
LMC3551* 0.05  0.26   7.50      2  5 32 14 -67 40 46 13.33  0.12 BSDL2213
LMC3552  0.07  0.29   7.70      3  5 32 16 -70 45 13 12.92  0.12 KMHK1053
LMC3557* 0.07  0.36   8.20      2  5 32 40 -71 56 01 16.62  0.11 KMHK1064
LMC3563* 0.07  0.26   8.30      2  5 33 02 -71 24 30 15.34  0.11 KMHK1071
LMC3569  0.15  0.28   7.50      2  5 33 40 -69 07 02 12.15  0.13 BSDL2320
LMC3572  0.15  0.31   8.70      2  5 34 04 -71 50 31 15.93  0.11 KMHK1102
LMC3574* 0.05  0.22   7.90      3  5 34 15 -66 14 21 14.56  0.11 BSDL2343
LMC3575* 0.02  0.20   8.00      2  5 34 16 -66 13 60 14.70  0.12 BSDL2348
LMC3580  0.05  0.30   8.45      2  5 34 56 -71 28 59 14.43  0.11 HS361,KMHK1116
LMC3582* 0.05  0.50   7.40      1  5 34 60 -66 54 59 11.68  0.11 SL592,ESO86SC13,KMHK1105
LMC3583* 0.03  0.26   7.30      1  5 35 11 -66 54 51 12.57  0.11 BSDL2450
LMC3588* 0.20  0.26   7.20      1  5 35 24 -69 27 01 11.35  0.14 BSDL2486
LMC3590* 0.04  0.23   8.60      1  5 35 39 -68 28 15 16.92  0.12 BSDL2498
LMC3591* 0.05  0.26   7.30      1  5 35 39 -68 51 41 12.41  0.12 KMK88-81
LMC3592* 0.05  0.33   7.40      1  5 35 50 -66 54 59 13.26  0.11 BSDL2495
LMC3596* 0.05  0.19   7.70      1  5 36 01 -66 53 08 14.64  0.10 BSDL2510
LMC3599  0.10  0.24   8.40      2  5 36 32 -68 44 34 15.08  0.12 KMK88-86
LMC3600  0.10  0.67  >8.80         5 36 46 -72 15 38 14.23  0.12 SL619,LW254,KMHK1152
LMC3605  0.10  0.67  >8.80         5 37 09 -67 18 36 14.90  0.11 BSDL2584
LMC3610* 0.25  0.33   7.30      2  5 37 46 -69 20 47 11.39  0.14 BRHT54b,H88-298
LMC3635* 0.25  0.24   6.80      3  5 39 56 -69 16 25 12.59  0.14 BSDL2725
LMC3637* 0.25  0.29   7.40      2  5 40 01 -69 36 10 13.50  0.13 H88-305
LMC3639  0.03  0.33   8.20      1  5 40 07 -66 58 10 14.77  0.11 BSDL2714
LMC3648* 0.10  0.28   8.10      3  5 41 09 -67 27 08 16.34  0.11 BSDL2778
LMC3659* 0.10  0.70   7.70      2  5 41 49 -68 55 15 11.96  0.13 NGC2093,SL657,ESO56SC23,KMHK1245
LMC3662  0.10  0.43   7.70      1  5 42 21 -67 18 51 13.15  0.11 KMHK1253
LMC3666  0.10  0.35   7.60      1  5 42 38 -67 19 36 12.70  0.11 BRHT20b,GKK-O229
LMC3667  0.10  0.48   7.90      1  5 42 45 -68 04 06 13.81  0.13 BM7,KMHK1271
LMC3669  0.10  0.22   8.00      1  5 42 47 -67 11 21 14.65  0.11 BSDL2861
LMC3671* 0.15  0.23   8.10      2  5 43 04 -68 44 52 16.49  0.13 BSDL2884
LMC3683  0.15  0.43   8.30      2  5 44 07 -68 21 25 14.40  0.13 HS402,BM25,KMHK1305
LMC3689  0.05  0.60   7.90      1  5 44 40 -67 07 57 13.62  0.10 SL697,KMHK1316
LMC3695  0.05  0.23   8.30      2  5 45 01 -66 55 47 16.57  0.11 BSDL2932
LMC3703  0.15  0.35   8.10      1  5 45 56 -69 16 19 13.57  0.13 HS412,KMHK1347
LMC3706  0.10  0.36   8.05      1  5 46 17 -66 50 45 13.32  0.11 BSDL2971
LMC3708  0.10  0.30   7.80      1  5 46 28 -67 27 20 14.84  0.11 BM68
LMC3709  0.10  0.33   8.10      1  5 46 31 -68 08 31 14.57  0.14 BM72,GKK-O189
LMC3710  0.10  0.31   8.20      1  5 46 31 -67 41 04 15.02  0.15 BM71,KMHK1354
LMC3718* 0.10  0.29   8.20      1  5 47 16 -68 30 06 14.84  0.12 BSDL3005
LMC3727  0.15  0.82   7.40      1  5 47 54 -67 03 45 11.76  0.10 KMHK1378
LMC3741  0.05  0.38   8.70      1  5 48 59 -66 29 29 15.97  0.12 KMHK1400
LMC3743* 0.02  0.33   8.70      1  5 49 05 -66 47 10 16.93  0.12 KMHK1404
LMC3745  0.02  0.31   8.70      1  5 49 33 -65 17 10 15.79  0.13 KMHK1409
LMC3746  0.02  0.43   8.70      1  5 49 47 -67 02 54 15.51  0.10 KMHK1416
LMC3751  0.02  0.29   7.90      2  5 50 44 -68 06 57 14.56  0.16 BM118
LMC3753  0.02  0.29   8.10      1  5 50 52 -69 42 22 14.15  0.12 HS429,KMHK1453,GKK-O128
LMC3757  0.02  0.22   8.10      1  5 51 30 -67 31 35 16.47  0.12 BM123
LMC3759  0.02  0.40   7.50      2  5 52 09 -68 18 36 15.13  0.12 BM132
LMC3763  0.05  0.40   8.00      2  5 52 32 -68 09 47 14.44  0.15 BM137,KMHK1481
LMC3768  0.05  0.40   8.50      1  5 53 39 -68 30 29 15.89  0.13 BM152,KMHK1501
LMC3771  0.05  0.43   8.40      2  5 54 11 -71 05 31 14.73  0.12 SL779,KMHK1517
LMC3773  0.10  0.77   8.70      3  5 55 09 -68 29 33 14.08  0.13 SL782,BM166,KMHK1525
LMC3788  0.10  0.45   8.00      2  6 00 52 -67 41 26 14.98  0.14 BM200,KMHK1586
LMC3795  0.05  0.26   8.20      2  6 04 38 -68 20 22 15.91  0.13 BM226
LMC3796  0.02  0.48   8.40      2  6 05 43 -68 09 36 15.40  0.14 LW381,BM230,KMHK1630
LMC3828* 0.05  0.30   8.10      2  4 51 10 -69 23 42 13.82  0.12 BSDL104
LMC3829  0.05  0.52   8.20      1  4 55 23 -66 26 37 14.47  0.12 KMHK268
LMC3830  0.10  0.28   7.00      3  4 57 05 -68 24 49 12.21  0.11 BSDL305
LMC3832  0.25  0.44   7.70      2  4 57 30 -68 21 47 12.19  0.10 SL134,KMHK349
LMC3837* 0.20  0.34   7.30      2  5 13 52 -67 07 44 13.31  0.11 BSDL931
LMC3838* 0.10  0.25   7.90      2  5 13 55 -67 08 56 14.57  0.11 BSDL934
LMC3840  0.10  0.24   8.40      3  5 15 37 -66 41 41 14.52  0.10 HS194,KMHK694
LMC3843  0.05  0.38   7.40      2  5 22 51 -65 42 59 13.00  0.13 SL428,LW196,KMHK833
LMC3848* 0.05  0.24   7.40      3  5 26 29 -67 41 58 14.14  0.12 KMHK900
LMC3852  0.05  0.35   7.30      2  5 29 18 -71 01 44 11.60  0.10 BSDL1955
LMC3853* 0.05  0.19   7.30      2  5 29 33 -70 59 38 13.31  0.11 BSDL1980
LMC3857  0.05  0.36   7.30      1  5 29 59 -66 58 42 12.30  0.11 SL516,KMHK972
LMC3859  0.05  0.22   7.70      2  5 31 46 -68 33 27 14.60  0.12 BCDSP7
LMC3866  0.05  0.40   6.90      3  5 34 39 -69 44 46 11.58  0.14 BCDSP8,LOGLE605
LMC3871* 0.10  0.47   7.30      1  5 36 11 -69 11 46 10.56  0.14 LT-delta,BRHT17a,KMK88-88
LMC3873  0.10  0.38   7.40      1  5 38 16 -69 03 58 10.74  0.15 M-OB1,H88-301
LMC3877  0.10  0.48   7.90      1  5 55 45 -68 12 09 13.22  0.13 NGC2147,SL784,ESO57SC54,KMHK1531
LMC3879  0.10  0.20   7.50      2  4 50 05 -69 11 59 14.51  0.12 LMC-N77C
LMC3891  0.10  0.22   7.20      2  4 53 24 -70 35 39 13.16  0.12 HS57
LMC3892  0.20  0.17   7.70      2  4 53 30 -69 17 49 13.33  0.12 LMC-N82
LMC3898* 0.02  0.45   7.60      1  4 54 23 -69 11 05 12.62  0.12 NGC1748,IC2114,LMC-N83B,LMC-DEM22c,ESO56EN24
LMC3900  0.02  0.33   7.60      2  4 54 25 -66 44 30 14.86  0.12 LMC-DEM29b,KMHK236
LMC3901  0.02  0.23   7.80      1  4 54 52 -69 23 26 13.65  0.12 LMC-N88
LMC3903  0.08  0.33   7.60      1  4 55 25 -69 16 06 13.07  0.12 LMC-N90,LMC-DEM24
LMC3914* 0.08  0.25   7.90      1  4 59 37 -70 09 14 13.98  0.12 LMC-N186C
LMC3915  0.08  0.33   7.60      2  5 00 00 -70 03 26 13.77  0.12 LMC-N186B,LMC-DEM51
LMC3920* 0.05  0.20   7.60      3  5 04 21 -70 45 04 16.88  0.11 BSDL540
LMC3923* 0.10  0.30   7.50      2  5 04 37 -70 54 40 12.25  0.11 LMC-N191A,LMC-DEM64b
LMC3927  0.08  0.20   7.60      2  5 06 46 -68 09 28 12.72  0.13 BSDL639
LMC3929  0.08  0.33   7.90      1  5 10 43 -67 05 03 13.72  0.10 LMC-N26,LMC-DEM93
LMC3957  0.15  0.22   7.90      2  5 20 55 -71 43 11 13.72  0.12 LMC-N197,LMC-DEM146
LMC3959  0.05  0.45   7.30      2  5 21 33 -65 29 16 13.00  0.15 NGC1923,SL404,ESO85SC75,KMHK808
LMC3967  0.05  0.36   7.60      2  5 22 50 -68 01 07 13.72  0.13 LMC-N44H
LMC3972  0.05  0.43   7.30      3  5 23 07 -66 22 42 13.04  0.12 NGC1941,LMC-N46,ESO85EN79,KMHK839
LMC3985* 0.05  0.18   7.70      2  5 26 14 -67 37 13 13.70  0.12 LMC-N51B,KMHK894
LMC3986* 0.05  0.75   7.00      2  5 26 15 -67 29 56 12.18  0.12 BSDL1674
LMC3995  0.05  0.27   7.40      2  5 31 11 -67 22 51 14.86  0.11 BSDL2090
LMC4016* 0.05  0.27   7.90      1  5 33 40 -68 46 00 14.22  0.12 LMC-N150w,LMC-DEM233w
LMC4023* 0.05  0.43   8.00      3  5 35 39 -66 01 50 12.18  0.12 NGC2030,SL595,ESO86SC15,KMHK1113
LMC4035* 0.05  0.28   7.40      2  5 37 14 -66 21 37 13.47  0.12 BSDL2582
LMC4042  0.05  0.20   7.80      2  5 39 07 -68 56 51 14.55  0.14 H88-303
LMC4077  0.10  0.30   7.80      2  5 43 35 -66 18 13 13.84  0.12 LMC-N72,LMC-DEM302
LMC4079  0.10  0.48   8.30      3  5 43 47 -67 27 12 13.93  0.12 LMC-N71,LMC-DEM303
LMC4087* 0.10  0.28   7.90      2  5 48 51 -70 03 10 13.97  0.10 BSDL3081
LMC4088* 0.15  0.23   7.60      2  5 48 52 -70 04 12 13.15  0.09 BSDL3083
