SMC0017  0.02  0.250  9.00      2  0 28 31 -73 00 49 16.94  0.13 BS2
SMC0018  0.01  0.600  8.70      1  0 30 00 -73 22 45 14.09  0.12 K9,L13
SMC0023  0.01  0.600  9.10      3  0 32 41 -72 34 53 14.76  0.15 L14
SMC0026  0.03  1.500  8.85      3  0 32 56 -73 06 58 12.51  0.12 NGC152,K10,L15,ESO28SC24
SMC0028  0.05  0.850  8.00      1  0 33 46 -73 37 59 13.58  0.12 HW8
SMC0037  0.03  0.950  9.10      1  0 35 41 -73 35 53 13.55  0.12 K13,L17,ESO29SC1
SMC0039  0.10  0.600  8.20      1  0 35 58 -73 09 58 12.64  0.11 NGC176,K12,L16,ESO29SC2
SMC0044  0.08  0.475 >9.00      3  0 36 31 -72 59 13 15.06  0.11 HW10
SMC0048  0.08  0.650  8.50      2  0 37 33 -73 36 43 14.04  0.12 HW11,SOGLE2
SMC0052  0.06  0.400  9.00      2  0 37 44 -73 12 40 13.40  0.11 B10,SOGLE4
SMC0054  0.07  0.275  8.95      2  0 37 51 -73 07 16 13.11  0.11 H86-43
SMC0058  0.05  0.400  8.70      1  0 38 51 -73 22 27 14.35  0.11 HW12,SOGLE163
SMC0063  0.08  0.275  8.65      1  0 38 37 -73 48 21 15.40  0.11 BS14,SOGLE162
SMC0064  0.10  0.375  8.75      2  0 39 17 -72 54 12 15.70  0.11 H86-53
SMC0066  0.07  0.200  9.05      1  0 39 26 -73 06 23 14.79  0.11 H86-55,SOGLE167
SMC0067  0.05  0.338  8.95      1  0 39 31 -73 25 26 14.53  0.11 HW13,SOGLE168
SMC0068  0.06  0.275  8.70      1  0 39 35 -73 22 58 16.40  0.11 H86-54
SMC0069  0.03  0.300  8.90      1  0 40 05 -73 08 34 13.52  0.11 H86-58
SMC0070  0.05  0.550  8.70      1  0 40 12 -72 41 56 13.77  0.12 K15,L21
SMC0071  0.06  0.800  8.75      2  0 40 14 -73 52 20 14.32  0.12 HW14
SMC0073  0.08  0.600  8.00      1  0 40 31 -73 24 10 12.46  0.11 NGC220,K18,L22,ESO29SC3,SOGLE8
SMC0074  0.04  0.425  8.80      1  0 40 33 -72 44 23 15.48  0.12 K16,L23
SMC0075  0.10  0.175  9.05      1  0 40 43 -73 07 05 15.49  0.11 H86-60
SMC0076  0.10  0.200  7.80      1  0 40 44 -73 03 42 15.09  0.11 B19
SMC0077  0.06  0.450  8.45      1  0 40 45 -73 44 26 14.37  0.12 B26,SOGLE169
SMC0079  0.06  0.600  8.10      1  0 40 44 -73 22 60 12.24  0.11 NGC222,K19,L24,ESO29SC4
SMC0081  0.10  0.300  8.60      1  0 40 48 -73 05 17 14.97  0.11 H86-62,SOGLE10
SMC0082  0.04  0.438  8.90      1  0 40 47 -74 01 18 13.58  0.12 HW15
SMC0083  0.08  0.263  7.95      1  0 40 55 -73 24 07 14.13  0.11 B23,SOGLE170
SMC0084  0.04  0.550  8.55      2  0 41 01 -72 34 20 13.37  0.12 K17,L26
SMC0086  0.10  0.900  7.90      1  0 41 06 -73 21 07 12.53  0.11 NGC231,K20,L25,ESO29SC5,SOGLE11
SMC0090  0.07  0.550 >9.00      3  0 42 38 -72 27 21 15.15  0.12 H86-68
SMC0094  0.10  0.475  8.25      1  0 43 33 -73 26 25 12.65  0.11 NGC241,K22w,L29W,ESO29SC6w
SMC0095  0.05  0.500  8.95      1  0 43 27 -74 11 04 16.94  0.13 HW19
SMC0098  0.02  0.225  8.90      1  0 43 38 -72 58 48 15.44  0.11 BS20,SOGLE20
SMC0101  0.14  0.300  8.70      1  0 44 52 -73 00 07 14.28  0.11 B34,SOGLE176
SMC0104  0.20  0.325  8.00      1  0 45 14 -73 13 09 13.75  0.10 H86-74,SOGLE25
SMC0105  0.08  0.275  8.65      1  0 45 26 -73 28 53 14.29  0.11 B39,SOGLE27
SMC0106  0.10  0.250  8.00      1  0 45 27 -73 42 11 14.18  0.12 B41
SMC0110  0.14  0.325  8.30      1  0 45 44 -72 50 35 14.27  0.12 B36
SMC0112  0.20  0.450  7.80      1  0 45 54 -73 30 24 12.16  0.11 NGC256,K23,L30,ESO29SC11,SOGLE32
SMC0117  0.10  0.487  8.60      1  0 46 35 -72 44 32 13.66  0.12 L31,SOGLE36
SMC0118  0.08  0.350  8.45      1  0 46 34 -72 46 26 15.54  0.12 H86-83,SOGLE35
SMC0120  0.08  0.300  8.85      3  0 46 44 -72 03 47 14.44  0.12 HW22
SMC0123  0.08  0.275  8.40      1  0 46 56 -73 25 25 15.68  0.11 H86-85,SOGLE186
SMC0124  0.16  0.363  8.10      1  0 47 01 -73 23 35 13.14  0.10 H86-86,SOGLE40
SMC0127  0.09  0.600  8.35      2  0 47 12 -73 28 38 12.38  0.11 NGC265,K24,L34,ESO29SC14,SOGLE39
SMC0129  0.15  0.450  8.00      2  0 47 25 -72 50 27 13.08  0.11 L33,SOGLE41
SMC0130  0.12  0.275  8.40      1  0 47 25 -73 27 26 16.47  0.11 H86-90
SMC0131  0.07  0.800 >9.00      3  0 47 29 -72 28 30 14.80  0.11 HW24
SMC0133  0.10  0.225  8.10      2  0 47 34 -73 19 54 13.92  0.10 H86-92
SMC0134  0.10  0.350  8.85      1  0 47 50 -73 28 42 14.36  0.11 BS35,SOGLE42
SMC0136  0.08  0.250  8.45      1  0 47 53 -73 31 53 15.69  0.12 H86-94
SMC0137  0.10  0.600  8.35      1  0 48 01 -73 29 10 13.70  0.11 K25,L35,SOGLE45
SMC0138  0.08  0.850  8.70      1  0 48 13 -73 51 46 13.05  0.12 K27,L36
SMC0140  0.15  0.250  8.30      2  0 48 32 -72 45 42 15.99  0.11 H86-101
SMC0143  0.20  0.225  8.65      1  0 48 43 -74 18 11 15.53  0.13 HW25
SMC0144  0.06  0.250  9.00      1  0 48 52 -73 33 41 15.60  0.12 B49
SMC0145  0.08  0.275  7.00      1  0 49 02 -73 21 44 11.06  0.11 B50
SMC0149  0.08  0.313  8.00      1  0 49 18 -73 22 20 13.31  0.11 L39,SOGLE54
SMC0150  0.10  0.275  8.75      2  0 49 23 -73 31 49 15.56  0.12 H86-102
SMC0152  0.17  0.225  8.60      1  0 49 45 -72 51 58 15.47  0.11 H86-109,SOGLE58
SMC0153  0.25  0.475  8.20      1  0 50 04 -73 23 04 12.86  0.11 B53,SOGLE197
SMC0156  0.15  0.325  8.05      1  0 50 22 -73 23 16 13.71  0.11 B55,SOGLE60
SMC0157  0.18  0.325  8.10      1  0 50 28 -73 12 12 13.81  0.11 B54,SOGLE62
SMC0158  0.15  0.350  8.20      1  0 50 32 -72 39 09 14.64  0.11 H86-114
SMC0159  0.17  0.225  8.65      1  0 50 31 -73 20 11 14.06  0.11 H86-106w
SMC0160  0.15  0.250  7.55      1  0 50 37 -73 20 11 13.94  0.11 H86-106e
SMC0161  0.05  0.325  8.30      1  0 50 32 -74 36 51 16.12  0.13 HW27
SMC0163  0.20  0.250  8.10      1  0 50 40 -72 57 55 13.18  0.11 H86-116,SOGLE64
SMC0164  0.20  0.325  8.20      1  0 50 56 -72 43 40 12.60  0.11 L41,SOGLE67
SMC0167  0.10  0.550  7.60      3  0 51 14 -73 09 41 11.92  0.11 NGC290,L42,ESO29SC19,SOGLE69
SMC0170  0.08  0.375  8.30      1  0 51 32 -72 58 45 13.53  0.11 H86-124,SOGLE205
SMC0171  0.10  0.300 <7.2       1  0 51 37 -72 32 31 13.74  0.10 H86-119
SMC0174  0.08  0.225  8.20      2  0 51 41 -73 31 52 14.69  0.12 H86-117
SMC0180  0.05  0.225  8.10      1  0 51 58 -73 27 41 14.36  0.11 H86-122
SMC0184  0.08  0.338  7.80      1  0 52 17 -73 01 04 12.79  0.11 H86-130,SOGLE78
SMC0185  0.10  0.350  8.25      1  0 52 30 -73 02 59 13.53  0.11 B64,SOGLE210
SMC0189  0.08  0.750  8.20      3  0 52 35 -72 11 35 12.51  0.11 K30,L45
SMC0191  0.10  0.400  7.90      1  0 52 42 -72 55 32 13.02  0.11 BS60,SOGLE82
SMC0193  0.23  0.375  7.70      1  0 52 44 -72 58 48 12.68  0.11 B65,SOGLE83
SMC0194  0.13  0.263  8.55      2  0 52 48 -72 47 46 14.22  0.12 B66,SOGLE85
SMC0196  0.03  0.225  8.70      1  0 52 47 -73 24 25 14.33  0.11 BS63,SOGLE84
SMC0198  0.03  0.225  7.20      1  0 52 51 -72 44 07 12.25  0.12 BS254
SMC0204  0.10  0.850  8.45      1  0 53 06 -73 22 49 11.94  0.12 NGC294,L47,ESO29SC22,SOGLE90
SMC0208  0.10  0.238  7.75      1  0 53 17 -72 44 03 13.23  0.11 BS256,SOGLE215
SMC0209  0.10  0.425  7.50      1  0 53 18 -72 46 00 11.68  0.12 B71,SOGLE92
SMC0211  0.10  0.450  7.40      1  0 53 25 -72 11 47 11.15  0.11 NGC299,K32,L49,ESO51SC5
SMC0212  0.02  0.475  7.80      1  0 53 28 -71 23 55 12.94  0.17 L48,ESO51SC6
SMC0213  0.08  0.600  7.60      1  0 53 26 -72 40 57 12.16  0.11 B72
SMC0215  0.04  0.225  7.80      1  0 53 37 -72 20 59 13.55  0.11 H86-145
SMC0216  0.08  0.450  8.00      1  0 53 39 -72 29 07 13.36  0.11 H86-142
SMC0217  0.08  0.600  8.55      2  0 53 50 -72 53 47 12.13  0.11 H86-147,SOGLE216
SMC0218  0.03  0.250  8.90      1  0 53 55 -72 40 08 13.67  0.11 H86-148
SMC0219  0.04  0.550  7.80      3  0 53 58 -72 12 02 13.07  0.11 B74
SMC0220  0.10  0.275  8.35      2  0 54 02 -73 19 35 15.31  0.12 H86-144
SMC0221  0.04  0.550  7.70      1  0 54 15 -72 14 29 12.95  0.11 NGC306,K33,L50,ESO29SC23
SMC0222  0.12  0.250  8.80      1  0 54 19 -72 30 53 14.11  0.11 H86-149
SMC0225  0.05  0.250  8.85      1  0 54 28 -73 37 05 16.68  0.12 HW30
SMC0226  0.05  0.600  9.10      1  0 54 31 -74 11 07 15.74  0.13 BS75
SMC0227  0.01  0.475  7.40      1  0 54 45 -72 07 46 12.91  0.12 B78
SMC0228  0.04  0.363  8.90      2  0 54 47 -73 13 25 13.91  0.12 B80,SOGLE98
SMC0229  0.05  0.350  7.50      1  0 54 48 -72 27 58 13.13  0.11 B79,SOGLE99
SMC0232  0.07  0.438  7.80      1  0 54 54 -72 06 46 13.05  0.12 L51,ESO51SC7
SMC0233  0.02  0.263  7.90      1  0 54 55 -72 26 31 14.48  0.11 BS259
SMC0237  0.03  0.250  8.80      1  0 55 12 -73 17 48 14.89  0.13 H86-155,SOGLE101
SMC0238  0.22  0.375  8.20      1  0 55 17 -73 30 29 14.85  0.12 L52
SMC0239  0.08  0.350  7.80      2  0 55 23 -71 53 07 14.91  0.12 B81
SMC0242  0.06  0.300  8.00      1  0 55 36 -71 58 57 13.54  0.11 B82
SMC0244  0.08  0.350  8.10      1  0 55 39 -71 55 18 15.52  0.12 BS76
SMC0245  0.03  0.388  8.90      1  0 55 33 -74 03 49 15.25  0.13 HW31
SMC0247  0.05  0.225  8.70      1  0 55 47 -73 27 46 15.34  0.12 H86-157
SMC0251  0.10  1.325  7.40      1  0 56 19 -72 27 50  9.20  0.11 NGC330,K35,L54,ESO29SC24
SMC0252  0.10  0.325  8.10      1  0 56 16 -72 30 59 13.53  0.11 B86,SOGLE222
SMC0258  0.10  0.700  8.95      2  0 56 44 -73 53 56 13.04  0.12 L55
SMC0259  0.05  0.225  8.10      1  0 56 56 -70 46 24 15.33  0.13 B88
SMC0262  0.10  0.250  8.10      2  0 57 21 -72 34 31 14.29  0.11 H86-173
SMC0263  0.11  0.475  7.80      1  0 57 31 -72 15 52 11.79  0.11 L56,S26,SOGLE109
SMC0264  0.11  0.263  7.60      1  0 57 46 -72 42 21 12.71  0.11 H86-178,SOGLE110
SMC0270  0.08  0.275  8.30      1  0 57 53 -72 29 48 11.90  0.11 H86-176
SMC0271  0.02  0.500 >9.00      3  0 57 47 -74 19 36 14.95  0.13 K37,L58
SMC0272  0.08  0.200  7.60      1  0 57 55 -72 17 28 12.18  0.11 B90
SMC0273  0.08  0.500  8.80      2  0 57 52 -73 32 43 15.82  0.11 HW34
SMC0275  0.10  0.300  7.30      3  0 58 14 -72 00 14 13.60  0.11 B92
SMC0276  0.12  0.700  8.90      1  0 58 08 -73 55 58 13.80  0.12 B91
SMC0278  0.10  0.325  7.40      1  0 58 19 -72 17 57 12.82  0.11 H86-181,SOGLE228
SMC0280  0.10  0.425  8.25      1  0 58 42 -73 35 02 13.07  0.11 HW35
SMC0285  0.13  0.375  8.05      1  0 59 15 -71 46 08 13.45  0.12 HW37
SMC0286  0.12  0.475  8.30      1  0 59 14 -72 36 29 13.93  0.11 B96,SOGLE117
SMC0287  0.07  0.375  8.20      1  0 59 31 -71 40 10 14.51  0.12 HW39
SMC0288  0.07  0.400  8.80      1  0 59 25 -73 49 02 14.67  0.11 HW38
SMC0291  0.05  0.750  8.20      1  0 59 48 -72 20 02 11.58  0.11 IC1611,K40,L61,ESO29SC27
SMC0292  0.10  0.300  8.20      1  0 59 57 -72 22 24 13.58  0.11 H86-186,SOGLE119
SMC0293  0.13  0.500  8.00      1  1 00 01 -72 22 08 12.02  0.11 IC1612,K41,L62,ESO29SC28
SMC0294  0.05  0.450 >9.00      3  1 00 25 -71 17 41 15.69  0.13 HW40
SMC0295  0.03  0.325  8.10      1  1 00 23 -72 05 05 13.72  0.12 B100
SMC0297  0.10  0.600 >9.00      3  1 00 35 -71 27 39 16.57  0.12 HW41
SMC0300  0.01  0.200 <7.9       3  1 00 33 -72 15 31 14.94  0.12 H86-190,SOGLE230
SMC0302  0.15  0.425  7.80      1  1 00 34 -72 21 56 12.60  0.11 K42,L63,SOGLE124
SMC0304  0.05  0.600  8.20      2  1 00 49 -73 20 56 13.62  0.12 K43,L64
SMC0305  0.08  0.388  8.45      1  1 00 56 -73 09 09 13.90  0.12 B103
SMC0306  0.15  0.400  8.40      1  1 00 58 -72 32 25 13.76  0.11 H86-191,SOGLE231
SMC0307  0.02  0.550  8.20      2  1 01 02 -72 45 05 13.78  0.11 L65,H86-192,SOGLE126
SMC0308  0.10  0.400  8.20      1  1 01 08 -71 45 17 16.20  0.12 HW43
SMC0311  0.08  0.275  8.40      2  1 01 18 -72 13 42 14.51  0.11 H86-193,SOGLE127
SMC0313  0.07  0.375 <8.00      3  1 01 37 -72 24 25 13.86  0.11 B105,SOGLE128
SMC0314  0.05  0.550  7.40      1  1 01 45 -72 33 52 11.08  0.11 L66,SOGLE129
SMC0315  0.03  0.400  8.70      1  1 01 52 -72 10 58 13.94  0.11 B108,SOGLE130
SMC0317  0.03  0.350  9.40      3  1 01 56 -73 36 46 15.39  0.11 B109
SMC0319  0.03  0.250  8.00      1  1 02 11 -72 00 11 14.81  0.11 B110
SMC0321  0.04  0.400  7.10      1  1 02 23 -72 00 11 12.43  0.11 B112
SMC0322  0.02  0.250  8.40      1  1 02 45 -73 44 19 14.64  0.11 K45w,L69w
SMC0323  0.02  0.200  8.40      2  1 02 49 -73 44 25 14.75  0.11 K45e,L69w
SMC0324  0.02  0.300  8.75      1  1 02 56 -73 20 10 14.62  0.12 B113
SMC0325  0.08  0.375  7.60      2  1 03 12 -72 16 21 13.03  0.11 K47,L70,SOGLE134
SMC0326  0.10  0.425  7.60      2  1 03 23 -72 39 06 12.76  0.11 B115,SOGLE137
SMC0327  0.08  0.900  7.50      1  1 03 53 -72 49 34 10.46  0.11 NGC376,K49,L72,ESO29SC29
SMC0332  0.08  0.325  8.30      1  1 04 12 -73 15 19 14.34  0.12 B117
SMC0333  0.05  0.450  8.40      1  1 04 18 -71 42 54 14.70  0.12 B122
SMC0337  0.05  0.300  8.90      1  1 04 19 -73 09 54 15.17  0.12 B119
SMC0338  0.04  0.325  8.00      1  1 04 30 -72 37 09 14.53  0.11 B121,SOGLE237
SMC0340  0.08  0.500  7.00      3  1 04 36 -72 09 38 12.30  0.11 K50,L74,ESO51SC15,SOGLE142
SMC0342  0.02  0.300  7.30      2  1 04 56 -72 02 44 13.55  0.11 B125
SMC0343  0.02  0.325  8.40      1  1 04 58 -73 38 15 14.69  0.12 HW48
SMC0344  0.08  0.275  8.10      1  1 05 02 -73 02 34 14.25  0.11 B124
SMC0345  0.04  0.450  8.35      2  1 05 22 -72 02 35 12.76  0.11 IC1624,K52,L76,ESO51SC17
SMC0346  0.10  0.550  8.25      1  1 05 34 -73 29 14 15.23  0.11 BS128
SMC0347  0.02  0.287  8.50      1  1 05 50 -71 57  4 14.63  0.11 B128
SMC0349  0.02  0.500  8.45      2  1 06 03 -71 42 41 15.92  0.12 HW50
SMC0351  0.05  0.500  8.35      2  1 06 13 -73 17 49 13.72  0.11 IC1626,K53,L77,ESO29SC30
SMC0352  0.03  0.450  7.55      3  1 06 48 -72 16 25 12.82  0.11 K54,L79,ESO29SC31,SOGLE153
SMC0353  0.08  0.800  8.20      1  1 06 53 -71 41 28 13.81  0.12 L78
SMC0354  0.02  0.250  8.20      1  1 06 57 -73 14 09 14.57  0.11 HW52
SMC0355  0.02  0.325  8.85      1  1 06 58 -73 34 42 16.12  0.12 HW53
SMC0357  0.08  0.500  9.00      3  1 07 20 -73 22 39 14.40  0.11 HW55
SMC0358  0.05  0.500  8.00      1  1 07 28 -72 29 36 12.84  0.10 K56,SOGLE155
SMC0359  0.10  0.600  8.10      1  1 07 28 -72 46 10 12.93  0.11 L80,SOGLE156
SMC0361  0.15  0.475  8.40      1  1 07 32 -73 07 11 13.72  0.11 K55,L81,SOGLE157
SMC0362  0.15  0.700  8.85      1  1 07 44 -71 52 51 14.28  0.12 HW57
SMC0365  0.02  0.575  8.65      2  1 08 14 -73 15 26 14.28  0.11 K57,L86
SMC0367  0.02  0.325  8.55      1  1 08 25 -71 50 17 14.26  0.12 H86-196
SMC0368  0.02  0.413  8.70      1  1 08 41 -71 45 46 14.27  0.12 B136
SMC0369  0.05  0.475  8.10      1  1 09 03 -73 05 12 13.42  0.11 K61,SOGLE161
SMC0371  0.10  0.500  8.15      1  1 09 25 -71 46 00 13.62  0.12 NGC422,K62,L87,ESO51SC22
SMC0372  0.02  0.238  8.00      2  1 09 19 -73 11 15 14.26  0.11 B135
SMC0373  0.12  0.350  8.30      1  1 09 39 -71 46 07 15.06  0.12 IC1641,HW62,ESO51SC21
SMC0374  0.06  0.325  8.30      1  1 09 43 -72 17 43 14.42  0.11 HW61
SMC0375  0.06  0.388  8.25      1  1 10 09 -72 44 25 14.53  0.11 BS276
SMC0376  0.10  0.375  8.65      2  1 10 13 -73 12 33 16.91  0.11 HW63
SMC0377  0.12  0.300  8.30      1  1 10 28 -71 33 41 14.78  0.12 B139
SMC0378  0.12  0.300  8.40      1  1 10 30 -72 57 23 14.92  0.11 B137
SMC0379  0.10  0.450  8.25      1  1 10 45 -71 20 18 13.76  0.12 HW64
SMC0381  0.05  0.450  8.30      1  1 10 48 -72 47 37 13.78  0.12 K63,L88
SMC0383  0.09  0.800  8.30      1  1 11 53 -71 19 53 13.64  0.12 IC1655,L90,ESO51SC23
SMC0386  0.06  0.550  8.20      1  1 12 38 -71 45 41 13.52  0.12 IC1660,K64,L89,ESO51SC24
SMC0387  0.08  0.600  8.10      1  1 12 33 -73 27 24 13.99  0.12 IC1662,L92,ESO29SC37
SMC0388  0.05  0.250  8.25      1  1 12 42 -72 45 07 15.18  0.11 B143
SMC0389  0.05  0.550  9.00      1  1 12 48 -73 28 26 15.51  0.12 L93
SMC0390  0.09  0.600  8.90      2  1 12 51 -73 07 10 14.15  0.12 L91
SMC0392  0.06  0.275  8.90      1  1 13 52 -73 24 59 16.02  0.12 HW68
SMC0395  0.05  0.500  8.30      1  1 14 45 -71 20 49 15.55  0.13 L95
SMC0397  0.05  0.300  8.40      1  1 14 55 -72 12 21 15.88  0.12 HW70
SMC0401  0.10  0.300 <8.00      3  1 15 33 -72 22 50 15.28  0.11 HW71se
SMC0402  0.07  0.500  8.20      1  1 15 33 -72 37 25 15.22  0.12 K68,L98
SMC0405  0.15  0.475  8.15      1  1 16 26 -71 19 34 13.89  0.13 HW73
SMC0406  0.08  0.263  7.50      1  1 16 48 -73 09 36 14.63  0.12 HW74
SMC0408  0.05  0.275  7.50      1  1 19 30 -73 05 38 15.23  0.12 B156
SMC0460  0.02  0.275  8.90      1  0 34 54 -72 44 39 16.17  0.14 H86-23
SMC0461  0.02  0.375  9.10      1  0 36 02 -73 04 04 15.13  0.11 H86-31
SMC0463  0.02  0.500  8.75      2  0 39 38 -72 55 47 15.97  0.11 H86-56
SMC0465  0.05  0.250 >9.00      3  0 39 47 -72 58 56 15.22  0.11 H86-57
SMC0466  0.05  0.413  8.95      1  0 40 08 -72 45 30 15.29  0.12 BS13
SMC0468  0.05  0.338  8.75      2  0 41 21 -72 58 51 14.84  0.11 B24
SMC0469  0.12  0.213  8.00      3  0 42 11 -73 43 51 14.53  0.12 B29
SMC0470  0.15  0.238  8.70      1  0 42 51 -73 10 32 12.65  0.11 BS249
SMC0471  0.05  0.350  8.70      1  0 43 10 -72 15 24 16.01  0.12 B28
SMC0472  0.05  0.363  8.85      1  0 43 14 -73 00 43 14.83  0.11 BS17,SOGLE174
SMC0474  0.02  0.425  8.30      2  0 44 46 -72 53 53 16.00  0.11 BS25
SMC0475  0.02  0.500 >9.00      3  0 44 44 -74 12 06 14.14  0.13 B37
SMC0476  0.02  0.325  8.75      1  0 45 11 -72 52 31 14.39  0.11 BS28,SOGLE178
SMC0477  0.20  0.425  8.50      1  0 46 58 -73 20 09 13.91  0.10 H86-88
SMC0478  0.02  0.175  9.00      3  0 47 01 -73 44 55 16.40  0.12 BS34
SMC0479  0.02  0.275  8.00      3  0 47 47 -71 59 56 15.45  0.12 B45
SMC0483  0.02  0.600  7.90      1  0 48 37 -73 24 53 13.36  0.11 B48,SOGLE49
SMC0486  0.15  0.325  7.40      1  0 49 44 -72 51 14 15.99  0.11 H86-110
SMC0490  0.25  0.425  7.40      1  0 50 56 -73 17 21 12.98  0.11 BS40,SOGLE68
SMC0492  0.10  0.525  8.30      1  0 51 29 -73 41 29 15.82  0.12 BS52
SMC0493  0.10  0.313  8.40      2  0 52 17 -73 22 32 13.92  0.11 H86-125,SOGLE79
SMC0495  0.07  0.450  8.20      1  0 53 43 -72 23 16 14.50  0.11 H86-146
SMC0496  0.12  0.413  8.40      1  0 53 42 -73 21 32 13.87  0.12 BS68,SOGLE95
SMC0501  0.12  0.300  8.10      1  0 56 01 -72 21 50 14.25  0.11 H86-166
SMC0502  0.02  0.450 >9.00      1  0 56 14 -74 09 24 16.91  0.13 BS80
SMC0503  0.05  0.325  8.10      1  0 57 20 -71 10 14 14.66  0.13 HW32
SMC0504  0.05  0.300  8.80      1  0 57 22 -71 53 29 15.61  0.11 BS265
SMC0505  0.05  0.250  8.70      1  0 57 38 -73 34 47 15.07  0.11 BS86
SMC0506  0.11  0.325  8.30      1  0 58 10 -73 35 14 13.81  0.11 B93
SMC0507  0.11  0.175  8.30      3  0 58 19 -72 13 10 16.00  0.12 BS269
SMC0508  0.08  0.263  8.05      1  0 58 23 -72 12 43 14.24  0.12 BS270
SMC0509  0.10  0.512  8.60      1  0 59 59 -73 53 42 14.23  0.11 BS97
SMC0510  0.10  0.425  8.70      2  1 01 08 -74 04 25 15.70  0.12 HW42
SMC0513  0.02  0.500  9.00      2  1 02 46 -74 33 28 15.70  0.14 BS108
SMC0514  0.02  0.388  8.35      2  1 03 29 -71 46 22 15.21  0.12 BS111
SMC0515  0.02  0.350  8.80      1  1 03 29 -73 02 39 15.38  0.11 BS110
SMC0516  0.02  0.325  8.40      2  1 03 47 -73 41 39 15.51  0.11 BS113
SMC0517  0.03  0.475  8.20      1  1 04 12 -73 42 57 13.50  0.12 BS120
SMC0519  0.07  0.487  7.60      3  1 04 28 -72 11 06 12.65  0.11 BS123
SMC0521  0.02  0.425  8.40      1  1 05 30 -71 32 04 14.79  0.12 B127
SMC0524  0.07  0.350  8.25      2  1 06 48 -71 54 55 14.99  0.11 BS136
SMC0525  0.10  0.550  8.20      1  1 07 02 -72 37 18 12.98  0.11 B129,SOGLE154
SMC0526  0.08  0.275  8.90      2  1 08 05 -73 31 25 15.48  0.11 B132
SMC0529  0.02  0.338  7.80      2  1 09 01 -73 12 24 14.51  0.11 B134
SMC0531  0.04  0.300  8.55      1  1 11 48 -71 25 01 15.89  0.12 BS150
SMC0533  0.03  0.375 >9.00      3  1 13 59 -71 45 11 16.59  0.12 B151
SMC0534  0.03  0.425  8.20      2  1 17 29 -73 34 09 14.81  0.12 HW75
SMC0547  0.05  0.475  7.60      2  0 27 57 -74 00 05 15.62  0.15 HW2
SMC0549  0.01  0.263  9.10      1  0 29 22 -73 00 00 17.27  0.13 H86-6
SMC0550  0.03  0.650  8.00      3  0 29 54 -73 42 03 14.94  0.13 HW3
SMC0552  0.03  0.313  8.65      1  0 30 04 -73 20 35 15.31  0.12 H86-2
SMC0555  0.06  0.350  8.80      2  0 35 02 -73 02 14 17.44  0.11 BS9
SMC0557  0.05  0.338  8.80      1  0 36 50 -73 04 16 16.02  0.11 H86-36
SMC0558  0.06  0.287  8.95      1  0 40 15 -72 46 02 15.99  0.12 BS248
SMC0562  0.01  0.325  8.90      1  0 45 22 -74 01 21 15.64  0.12 BS29
SMC0565  0.08  0.275  8.20      2  0 51 30 -73 20 08 13.35  0.11 BS252
SMC0569  0.05  0.325  8.90      2  0 53 32 -73 21 03 15.19  0.12 BS67
SMC0570  0.07  0.363  7.80      3  0 53 36 -72 38 30 14.15  0.11 BS257
SMC0571  0.08  0.650  8.80      1  0 56 04 -74 02 42 15.57  0.13 BS79
SMC0572  0.15  0.350  7.00      3  0 57 06 -72 32 44 14.35  0.11 BS83
SMC0574  0.08  0.375  8.50      2  0 57 48 -72 32 22 15.91  0.11 BS87
SMC0575  0.07  0.287  8.10      1  0 57 59 -72 14 04 14.18  0.12 BS267
SMC0579  0.03  0.500  8.50      1  1 03 39 -71 46 40 16.08  0.12 HW45
SMC0581  0.03  0.463  7.90      2  1 05 04 -71 10 28 14.92  0.13 B126
SMC0587  0.05  0.500  8.30      1  1 13 04 -71 32 11 16.71  0.11 BS155
SMC0588  0.01  0.425  8.60      1  1 13 18 -71 33 28 16.16  0.11 BS156
SMC0589  0.03  0.388  8.70      1  1 13 55 -71 27 52 16.22  0.12 BS158
SMC0590  0.01  0.238  8.70      1  1 13 60 -72 08 35 17.64  0.12 BS277
SMC0591  0.01  0.550  8.30      2  1 14 05 -72 51 18 14.40  0.12 B148
SMC0592  0.01  0.487  8.75      1  1 14 47 -72 21 51 13.42  0.11 BS163
SMC0593  0.01  0.400  7.90      3  1 14 45 -73 22 54 13.94  0.12 BS165
SMC0594  0.05  0.575  8.10      1  1 14 52 -73 07 04 13.60  0.12 B147
SMC0641  0.07  0.287  8.30      1  0 58 37 -72 13 27 14.33  0.12 BS271
SMC0642  0.01  0.325  8.00      1  0 58 37 -72 14 02 14.16  0.12 BS272
SMC0647  0.02  0.263  8.40      1  1 00 58 -71 35 30 14.29  0.12 SMC-N71,L61-372,SMC-DEM109,MA1234
SMC0650  0.02  0.225  8.40      1  1 01 31 -71 50 47 14.75  0.12 SMC-N72
SMC0653  0.05  0.425  7.80      1  1 02 55 -72 24 47 13.23  0.10 B114
SMC0654  0.05  0.325  7.50      2  1 03 07 -72 06 26 13.27  0.11 SMC-N76B,SMC-DEM120,MA1361
SMC0658  0.20  0.175  7.70      3  1 05 05 -71 59 43 14.21  0.11 SMC-N78B
SMC0659  0.10  0.238  7.20      2  1 05 08 -71 59 46 13.27  0.11 MA1520
SMC0678  0.12  0.200  7.70      3  1 14 47 -73 21 04 13.64  0.12 BS166
SMC0681  0.12  0.300  7.80      2  0 42 21 -73 44 08 14.12  0.12 HW16
SMC0682  0.18  0.225  7.40      2  0 46 10 -73 23 30 13.71  0.10 H86-78n
SMC0683  0.05  0.213  8.00      1  0 46 10 -73 23 43 14.54  0.10 H86-78s
SMC0686  0.05  0.200  7.60      1  1 15 15 -72 20 11 15.24  0.11 BS279
SMC0687  0.05  0.250  8.10      1  1 15 42 -73 10 00 14.70  0.12 HW72
SMC0689  0.12  0.400  9.00      1  0 39 22 -73 15 28 13.39  0.11 SOGLE5
SMC0690  0.12  0.400  8.65      2  0 39 33 -73 10 37 14.43  0.11 SOGLE6
SMC0693  0.20  0.500  8.10      1  0 42 54 -73 17 37 12.72  0.11 SOGLE15
SMC0697  0.25  0.375  8.60      3  0 45 33 -73 06 27 14.51  0.10 SOGLE30
SMC0701  0.16  0.500  8.20      3  0 51 42 -73 13 47 13.53  0.10 B60,SOGLE50
SMC0707  0.22  0.415  7.70      1  0 51 42 -73 13 47 12.37  0.11 SOGLE72
SMC0708  0.10  0.550  8.15      1  0 55 43 -72 52 48 12.74  0.11 H86-165,SOGLE105
SMC0709  0.05  0.425  8.30      1  0 56 09 -73 12 22 13.88  0.13 SOGLE106
SMC0712  0.10  0.340  8.10      1  0 59 05 -72 47 12 13.83  0.11 SOGLE116
SMC0713  0.10  0.375  8.10      1  1 00 47 -72 55 41 13.81  0.11 SOGLE125
SMC0715  0.10  0.325  8.70      2  1 02 13 -72 57 59 14.43  0.11 SOGLE132
SMC0716  0.08  0.400  8.80      2  1 02 31 -72 19 06 14.18  0.11 SOGLE133
SMC0717  0.02  0.720  8.55      1  1 03 17 -72 44 27 13.46  0.11 SOGLE135
SMC0718  0.15  0.325  8.00      2  1 03 22 -72 27 57 13.98  0.10 SOGLE136
SMC0720  0.05  0.420  7.60      1  1 04 14 -72 38 49 13.23  0.11 SOGLE140
SMC0721  0.05  0.300  7.70      1  1 04 05 -72 07 15 14.15  0.11 SOGLE144,SOGLE236
SMC0722  0.02  0.240  7.70      3  1 05 16 -71 59 41 13.09  0.11 SOGLE146
SMC0723  0.02  0.370  7.60      2  1 05 08 -71 59 45 12.79  0.11 SOGLE147
SMC0724  0.05  0.475  7.90      3  1 05 10 -72 36 08 14.01  0.11 SOGLE148
SMC0725  0.02  0.600  8.30      2  1 06 13 -72 47 39 13.74  0.11 SOGLE151
SMC0727  0.08  0.325  7.80      1  1 08 37 -72 26 21 13.64  0.10 SOGLE160
SMC0728  0.08  0.400  8.40      2  0 38 51 -73 22 27 14.33  0.11 HW12,SOGLE163
SMC0730  0.05  0.275  8.70      1  0 39 12 -73 14 46 15.36  0.11 BS14,SOGLE165
SMC0732  0.07  0.270  8.85      1  0 39 31 -73 25 26 14.90  0.11 HW13,SOGLE168
SMC0739  0.07  0.175  8.85      1  0 45 23 -72 55 43 16.21  0.11 SOGLE180
SMC0740  0.08  0.300  8.65      1  0 45 28 -72 53 09 14.31  0.11 SOGLE181
SMC0754  0.10  0.250  7.80      2  0 53 17 -72 44 03 13.21  0.11 BS256,SOGLE215
SMC0761  0.05  0.425  7.70      1  1 02 53 -72 24 53 13.30  0.10 B114,SOGLE234
SMC0763  0.04  0.300  7.90      1  1 04 05 -72 07 15 14.15  0.11 SOGLE144,SOGLE236
