COCD|Name             |  GLON|   GLAT|Dist|E(B-V)|logt|  r1|  r2|Sol|Sam| N2|  rc|e_rc|  rt|e_rt|   k| e_k| logM|e_logM
   3|Blanco 1         | 14.17| -79.02| 269|0.01  |8.32|0.70|2.90|4  |2  | 53| 1.5|0.2 |20.0| 3.4| 3.2| 0.4|3.475|0.224
   4|Alessi 20        |117.64|  -3.69| 450|0.22  |8.22|0.12|0.30|2  |2  | 14| 0.5|0.3 | 3.4| 1.3|10.3| 5.7|1.152|0.505
   8|NGC 129          |120.27|  -2.54|1625|0.55  |7.87|0.11|0.27|4  |1  | 12| 2.2|1.1 | 8.9| 1.5| 1.0| 0.4|2.311|0.226
  11|Berkeley 4       |122.28|   1.53|3200|0.70  |7.08|0.08|0.20|3  |4  | 19| 4.3|2.0 |14.6| 2.7| 0.5| 0.2|2.815|0.244
  13|Alessi 1         |123.26| -13.30| 800|0.10  |8.85|0.13|0.45|4  |1  | 19| 1.0|0.3 | 9.1| 2.3| 3.2| 1.3|2.390|0.340
  15|Platais 2        |128.23| -30.57| 201|0.05  |8.54|1.70|1.70|2  |2  | 18| 4.4|1.2 | 8.9| 1.1| 1.2| 0.4|2.411|0.166
  17|NGC 457          |126.63|  -4.37|2429|0.47  |7.38|0.12|0.26|4  |2  | 26| 1.2|0.6 |13.1| 3.1| 2.6| 1.6|2.729|0.310
  22|NGC 663          |129.46|  -0.94|1952|0.78  |7.14|0.10|0.30|4  |1  | 24| 3.1|1.1 |15.3| 3.3| 0.8| 0.2|2.965|0.280
  23|Collinder 463    |127.28|   9.40| 702|0.30  |8.35|0.22|0.72|4  |3  | 77| 3.2|0.4 |12.4| 1.1| 3.3| 0.3|2.803|0.124
  24|Stock 4          |131.25|  -4.81|1200|0.10  |8.70|0.10|0.21|3  |1  | 10| 2.7|1.4 | 6.8| 1.1| 1.5| 0.3|1.968|0.216
  25|NGC 752          |137.12| -23.26| 458|0.04  |9.14|0.37|1.45|4  |2  |109| 1.7|0.2 |16.2| 1.5| 5.7| 0.6|3.161|0.127
  26|NGC 744          |132.40|  -6.17|1207|0.38  |8.41|0.08|0.20|4  |1  | 11| 0.9|0.8 | 3.7| 1.2| 5.1| 3.3|1.188|0.434
  28|Stock 2          |133.36|  -1.92| 380|0.34  |8.17|0.65|2.80|3  |2  |200| 3.5|0.2 |33.2| 1.7| 2.7| 0.1|4.103|0.078
  33|IC 1805          |134.72|   0.91|1886|0.65  |6.73|0.10|0.22|3  |2  | 16| 1.4|0.8 | 8.6| 1.3| 1.9| 1.1|2.207|0.204
  34|NGC 957          |136.28|  -2.65|1815|0.84  |6.84|0.08|0.22|3  |2  | 13| 0.9|0.7 |10.5| 5.0| 2.5| 2.3|2.478|0.613
  35|Trumpler 2       |137.37|  -3.97| 649|0.32  |7.93|0.15|0.50|4  |1  | 17| 0.6|0.3 | 5.7| 1.2| 7.0| 3.6|1.785|0.285
  36|NGC 1039         |143.65| -15.62| 499|0.07  |8.42|0.09|0.37|4  |1  | 32| 0.9|0.3 | 5.9| 1.6| 9.4| 2.5|1.849|0.345
  37|NGC 1027         |135.74|   1.55| 772|0.33  |8.55|0.10|0.24|4  |1  | 15| 1.8|0.7 | 4.8| 0.8| 4.0| 0.9|1.554|0.212
  38|IC 1848          |137.19|   0.91|2002|0.60  |6.65|0.09|0.34|2  |4  | 21| 8.4|3.1 |13.9| 1.4| 0.8| 0.2|2.818|0.135
  39|Collinder 33     |138.09|   1.34|1000|0.40  |8.36|0.12|0.36|4  |1  | 12| 1.8|0.7 | 7.9| 1.4| 1.4| 0.5|2.176|0.233
  40|Trumpler 3       |138.01|   4.50| 450|0.22  |8.34|0.13|0.50|4  |1  | 12| 1.1|0.5 | 7.3| 3.5| 2.3| 0.8|2.130|0.619
  42|Melotte 20       |147.20|  -6.33| 190|0.09  |7.55|1.30|6.25|3  |2  |140| 3.8|0.2 |32.2| 1.9| 1.7| 0.1|4.075|0.087
  44|Alessi 13        |237.65| -55.71| 110|0.04  |8.72|3.20|3.20|2  |3  | 26| 2.9|0.8 | 9.8| 2.0| 1.8| 0.4|2.545|0.262
  45|NGC 1342         |154.97| -15.38| 665|0.32  |8.21|0.10|0.25|3  |2  | 14| 1.7|0.8 | 4.7| 1.2| 4.3| 1.8|1.517|0.338
  47|Melotte 22       |166.63| -23.47| 130|0.02  |8.08|1.10|6.40|2  |3  |219| 1.4|0.1 |20.5| 1.3|13.3| 0.6|3.492|0.089
  50|NGC 1528         |152.05|   0.25| 776|0.24  |8.43|0.14|0.44|4  |1  | 28| 1.2|0.4 | 9.2| 2.9| 3.8| 1.2|2.378|0.420
  51|NGC 1545         |153.36|   0.18| 711|0.30  |8.15|0.07|0.21|2  |3  | 10| 1.0|0.5 | 3.6| 0.8| 5.5| 2.0|1.158|0.283
  52|NGC 1582         |159.25|  -3.02| 600|0.22  |8.60|0.15|0.48|3  |2  | 26| 0.9|0.2 | 7.6| 1.3| 5.9| 1.9|2.158|0.227
  53|Platais 3        |138.74|  15.98| 200|0.10  |8.70|0.65|2.50|3  |1  | 11| 0.7|0.3 | 8.2| 1.9| 3.2| 1.5|2.292|0.311
  54|NGC 1647         |180.33| -16.78| 539|0.32  |7.96|0.23|0.63|4  |4  | 61| 1.3|0.2 |10.2| 1.5| 7.2| 1.1|2.538|0.193
  55|Alessi 2         |152.29|   6.36| 501|0.18  |8.60|0.10|0.28|3  |3  | 16| 0.8|0.3 | 3.1| 0.4|11.3| 3.1|1.004|0.163
  56|NGC 1662         |187.68| -21.12| 437|0.30  |8.68|0.12|0.43|4  |1  | 22| 0.4|0.2 | 5.0| 1.7|17.3| 8.4|1.616|0.435
  57|NGC 1664         |161.69|  -0.45|1199|0.25  |8.72|0.11|0.33|4  |1  | 13| 1.5|0.7 | 8.9| 1.3| 1.4| 0.6|2.284|0.193
  58|Berkeley 14A     |162.88|   0.74|1100|0.23  |6.97|0.15|0.74|4  |2  | 27| 6.6|1.2 |21.8| 1.8| 0.3| 0.0|3.467|0.114
  59|NGC 1708         |155.74|   6.85| 600|0.32  |8.76|0.08|0.21|2  |3  | 12| 0.9|0.4 | 4.1| 0.9| 5.0| 2.1|1.342|0.304
  60|NGC 1746         |179.07| -10.65| 760|0.25  |8.19|0.17|0.57|4  |2  | 53| 2.7|0.5 |13.4| 1.8| 2.4| 0.3|2.869|0.182
  61|Platais 4        |180.65| -10.90| 276|0.25  |8.24|0.25|1.25|1  |1  | 11| 2.6|1.7 |12.2| 6.8| 0.6| 0.2|2.797|0.725
  64|NGC 1817         |186.15| -13.10|1972|0.33  |8.25|0.10|0.23|1  |2  | 10| 4.1|2.1 |11.4| 1.9| 0.4| 0.1|2.514|0.223
  65|NGC 1901         |279.03| -33.60| 409|0.02  |8.93|0.10|0.50|3  |1  | 13| 0.3|0.2 | 6.2| 3.9|13.4|10.8|1.945|0.822
  66|NGC 1893         |173.58|  -1.69|3280|0.40  |6.82|0.08|0.20|3  |2  | 18| 3.7|1.8 |15.5| 3.8| 0.5| 0.2|2.703|0.322
  68|Collinder 65     |188.86| -10.86| 310|0.13  |7.41|1.05|2.40|1  |1  | 11| 1.2|0.7 | 9.2| 1.1| 0.8| 0.5|2.429|0.163
  71|NGC 1912         |172.27|   0.69|1066|0.25  |8.56|0.13|0.41|4  |4  | 94| 1.3|0.2 |11.8| 1.0| 9.1| 1.6|2.666|0.123
  73|NGC 1981         |208.06| -18.96| 400|0.05  |7.50|0.13|0.25|1  |4  | 13| 1.2|0.5 | 2.7| 0.4|10.9| 2.8|0.839|0.214
  74|NGC 1976         |209.01| -19.39| 399|0.05  |7.71|0.20|0.40|3  |3  | 19| 2.2|1.3 | 5.5| 2.3| 3.7| 2.9|1.762|0.536
  76|NGC 1980         |209.51| -19.60| 550|0.05  |6.67|0.13|0.21|1  |4  | 12| 1.1|0.6 | 2.7| 0.4| 7.9| 1.3|0.806|0.210
  77|Collinder 70     |205.03| -17.35| 391|0.04  |6.71|0.40|1.50|3  |1  | 43| 9.5|1.6 |18.1| 1.6| 0.9| 0.2|3.306|0.119
  78|NGC 1960         |174.53|   1.07|1318|0.22  |7.62|0.09|0.27|4  |2  | 37| 0.7|0.3 | 9.0| 1.9|10.7| 5.4|2.282|0.275
  81|Stock 10         |171.62|   3.55| 380|0.08  |8.42|0.10|0.32|1  |4  | 15| 1.6|0.5 | 3.4| 0.3| 7.8| 0.9|1.127|0.133
  82|NGC 2099         |177.64|   3.09|1383|0.30  |8.54|0.13|0.32|4  |2  | 77| 1.7|0.3 |11.4| 1.6| 6.1| 1.1|2.582|0.193
  87|NGC 2168         |186.60|   2.24| 830|0.26  |8.18|0.20|0.95|4  |3  |186| 1.8|0.2 |17.9| 2.3| 8.8| 0.9|3.237|0.171
  93|Collinder 89     |188.65|   3.83| 800|0.48  |7.50|0.15|0.50|4  |1  | 11| 1.2|0.6 | 5.5| 0.9| 2.1| 1.0|1.713|0.217
  95|NGC 2232         |214.54|  -7.42| 325|0.03  |7.49|0.12|0.60|1  |1  | 11| 2.1|0.8 | 4.9| 0.6| 2.6| 0.5|1.616|0.165
  98|NGC 2244         |206.30|  -2.08|1445|0.40  |6.70|0.14|0.32|4  |1  | 12| 1.4|0.7 |11.0| 2.7| 1.2| 0.7|2.549|0.319
 103|Ruprecht 1       |223.99|  -9.69|1100|0.15  |8.76|0.08|0.25|2  |2  | 10| 2.1|1.2 | 4.6| 0.7| 3.2| 0.5|1.462|0.214
 107|NGC 2264         |202.95|   2.19| 660|0.04  |6.81|0.16|0.73|3  |1  | 18| 2.0|0.9 |15.0| 6.4| 0.9| 0.3|3.030|0.553
 109|NGC 2270         |208.98|  -0.07|1400|0.06  |8.64|0.11|0.32|4  |1  | 12| 5.8|2.8 |10.9| 2.0| 0.7| 0.4|2.540|0.245
 110|NGC 2287         |231.02| -10.45| 693|0.03  |8.45|0.16|0.50|4  |3  | 74| 2.1|0.3 | 8.5| 1.0| 7.1| 0.9|2.313|0.161
 111|NGC 2281         |174.90|  16.88| 558|0.06  |8.70|0.12|0.43|4  |2  | 33| 0.6|0.2 | 6.5| 2.0|13.7| 4.2|1.944|0.401
 112|NGC 2301         |212.56|   0.28| 858|0.03  |8.31|0.08|0.25|4  |1  | 23| 0.7|0.3 | 5.0| 1.8|10.5| 4.9|1.577|0.476
 118|NGC 2323         |221.66|  -1.33| 881|0.21  |8.13|0.10|0.37|4  |2  | 61| 1.5|0.3 | 8.7| 1.2| 7.3| 1.4|2.313|0.190
 119|vdBergh 92       |224.57|  -2.49|1500|0.25  |7.59|0.08|0.20|3  |2  | 13| 4.0|2.2 | 8.2| 2.0| 1.3| 0.7|2.178|0.318
 120|NGC 2335         |223.60|  -1.18|1417|0.39  |8.08|0.09|0.25|2  |4  | 17| 1.7|0.9 | 7.9| 1.6| 1.5| 0.7|2.135|0.266
 124|Haffner 23       |230.00|  -3.81|1000|0.10  |8.84|0.10|0.20|2  |3  | 11| 2.5|1.9 | 3.7| 0.9| 6.5| 5.6|1.199|0.305
 125|Alessi 21        |223.44|   0.00| 500|0.07  |7.47|0.10|0.50|3  |1  | 10| 0.8|0.5 | 7.3| 5.3| 2.6| 1.4|2.126|0.945
 128|NGC 2353         |224.69|   0.38|1119|0.07  |7.05|0.10|0.25|4  |1  | 12| 1.4|1.2 | 6.0| 3.9| 2.2| 1.3|1.811|0.842
 129|Alessi 3         |257.84| -15.37| 288|0.11  |8.87|0.15|0.55|3  |1  | 10| 0.3|0.2 | 4.4| 2.2|13.3| 9.0|1.496|0.642
 130|NGC 2358         |231.05|  -2.30| 630|0.02  |8.72|0.08|0.27|3  |4  | 25| 1.7|0.5 | 5.4| 1.1| 5.9| 1.6|1.734|0.264
 132|NGC 2360         |229.80|  -1.43|1887|0.11  |8.59|0.10|0.25|4  |1  | 22| 1.4|0.6 | 9.9| 2.3| 2.4| 1.1|2.406|0.300
 133|Collinder 135    |249.12| -11.19| 319|0.04  |7.54|0.20|1.10|3  |1  | 26| 3.3|0.7 | 9.8| 1.4| 1.7| 0.3|2.537|0.189
 134|NGC 2362         |238.20|  -5.57|1389|0.10  |6.64|0.06|0.25|4  |4  | 28| 0.6|0.4 | 6.2| 0.9|11.3| 8.8|1.852|0.200
 137|NGC 2374         |228.41|   1.02|1468|0.09  |8.68|0.10|0.27|4  |1  | 13| 6.8|3.1 |11.6| 2.0| 0.7| 0.4|2.643|0.223
 141|NGC 2396         |227.52|   2.63| 588|0.05  |8.52|0.09|0.22|3  |3  | 15| 0.6|0.3 | 2.1| 0.4|19.6| 8.8|0.477|0.246
 147|NGC 2422         |230.95|   3.13| 491|0.07  |8.12|0.13|0.51|2  |1  | 31| 1.2|0.3 | 6.1| 0.7| 6.5| 1.4|1.889|0.156
 148|NGC 2423         |230.48|   3.53| 766|0.10  |8.98|0.11|0.46|4  |2  | 73| 1.4|0.3 | 9.6| 1.3| 7.9| 1.3|2.458|0.182
 149|Ruprecht 26      |232.05|   2.69|1440|0.10  |7.49|0.10|0.20|2  |4  | 12| 4.1|2.1 | 6.6| 0.9| 2.3| 0.6|1.915|0.182
 155|Haffner 13       |245.00|  -3.73| 714|0.05  |7.51|0.10|0.48|2  |2  | 11| 0.5|0.3 | 5.5| 1.3| 6.0| 5.6|1.755|0.299
 159|NGC 2451A        |252.50|  -7.69| 188|0.00  |7.76|0.75|1.65|3  |2  | 40| 3.1|0.6 | 8.9| 1.1| 3.1| 0.6|2.411|0.168
 160|NGC 2437         |231.85|   4.05|1375|0.15  |8.16|0.12|0.38|4  |3  |108| 2.6|0.4 |11.6| 1.4| 5.9| 0.8|2.656|0.168
 162|NGC 2451B        |252.05|  -6.73| 430|0.05  |7.88|0.20|0.40|2  |2  | 11| 2.5|1.2 | 4.2| 0.6| 4.0| 1.6|1.415|0.190
 163|NGC 2447         |240.05|   0.15|1037|0.05  |8.76|0.10|0.32|4  |1  | 50| 1.3|0.3 | 9.4| 1.5| 6.0| 1.5|2.422|0.219
 167|NGC 2477         |253.56|  -5.84|1222|0.28  |8.61|0.10|0.22|4  |1  | 10| 1.9|1.0 | 6.5| 1.2| 1.6| 0.5|1.953|0.251
 168|ESO 123-26       |273.11| -16.32| 550|0.13  |8.33|0.10|0.22|3  |3  | 16| 0.8|0.4 | 3.5| 0.9| 8.6| 3.1|1.201|0.350
 171|NGC 2482         |241.62|   2.03|1343|0.09  |8.48|0.08|0.22|4  |3  | 26| 1.0|0.4 | 7.9| 2.2| 5.0| 2.3|2.188|0.356
 175|NGC 2516         |273.81| -15.85| 346|0.07  |8.08|0.20|0.70|4  |1  | 31| 1.9|0.4 | 7.1| 0.9| 4.3| 0.7|2.126|0.174
 180|NGC 2527         |246.09|   1.85| 601|0.04  |8.85|0.12|0.50|4  |2  | 47| 0.5|0.2 | 9.6| 4.2|20.6| 8.4|2.488|0.570
 181|ESO 430-18       |248.57|   0.75| 830|0.00  |9.05|0.08|0.20|2  |4  | 11| 0.4|0.4 | 2.4| 0.8|18.8|18.0|0.672|0.444
 182|Vel OB2          |263.28|  -7.99| 411|0.03  |7.26|0.50|1.20|1  |1  | 28| 8.7|2.0 |13.7| 1.3| 1.1| 0.5|2.973|0.129
 183|NGC 2547         |264.46|  -8.60| 457|0.04  |7.70|0.13|0.30|4  |3  | 28| 0.9|0.5 | 3.2| 1.3|18.6| 8.8|1.076|0.540
 184|NGC 2539         |233.73|  11.11|1363|0.08  |8.75|0.15|0.50|4  |2  | 73| 2.0|0.4 |18.2| 3.6| 3.0| 0.6|3.252|0.260
 186|NGC 2546         |254.83|  -2.05| 919|0.13  |7.92|0.25|0.61|4  |1  | 49| 3.8|0.6 |16.8| 1.8| 1.2| 0.2|3.218|0.147
 187|Ruprecht 55      |250.69|   0.81|4892|0.56  |6.97|0.07|0.20|2  |3  | 12| 9.0|4.8 |22.3| 3.9| 0.1| 0.0|3.281|0.232
 188|Ruprecht 56      |257.29|  -3.52| 410|0.12  |8.70|0.11|0.36|1  |4  | 13| 0.5|0.2 | 2.2| 0.3|20.3| 8.7|0.602|0.174
 189|NGC 2548         |227.87|  15.39| 769|0.03  |8.75|0.25|0.73|4  |2  | 84| 1.5|0.2 |14.5| 1.8| 5.9| 0.9|2.994|0.165
 193|NGC 2571         |249.10|   3.53|1339|0.14  |7.22|0.10|0.30|4  |1  | 11| 1.3|0.7 | 9.2| 2.3| 1.4| 0.9|2.403|0.326
 196|Pismis 4         |262.91|  -2.47| 593|0.01  |8.11|0.10|0.40|3  |2  | 22| 3.4|0.9 | 6.9| 0.7| 2.7| 0.5|2.081|0.135
 198|Ruprecht 64      |259.75|   0.53| 800|0.06  |8.45|0.18|0.62|4  |4  | 61| 3.7|0.6 |12.7| 1.4| 2.4| 0.3|2.859|0.148
 201|NGC 2632         |205.89|  32.48| 187|0.01  |8.90|0.60|3.00|4  |3  |154| 0.8|0.1 |17.1| 1.2|21.7| 1.8|3.257|0.103
 202|IC 2391          |270.36|  -6.83| 176|0.01  |7.88|0.35|1.25|3  |2  | 33| 1.2|0.4 | 7.8| 2.5| 5.6| 0.8|2.244|0.413
 205|IC 2395          |266.63|  -3.59| 709|0.07  |7.08|0.10|0.35|2  |1  | 10| 0.5|0.3 | 5.9| 2.6| 6.1| 5.4|1.877|0.583
 209|NGC 2669         |270.82|  -6.07|1046|0.18  |7.97|0.08|0.25|3  |2  | 13| 0.7|0.5 | 4.0| 1.2| 6.6| 4.9|1.354|0.382
 210|Trumpler 10      |262.76|   0.64| 417|0.03  |7.38|0.20|0.75|2  |1  | 17| 2.2|0.6 |10.4| 2.2| 1.3| 0.3|2.608|0.274
 212|NGC 2682         |215.70|  31.92| 908|0.06  |9.41|0.12|0.31|4  |2  | 31| 0.9|0.3 | 6.4| 1.4| 8.0| 2.6|1.919|0.291
 213|vdBergh-Hagen 56 |264.48|   1.46| 680|0.20  |7.24|0.09|0.30|4  |1  | 10| 1.8|1.0 | 4.7| 1.4| 2.8| 1.3|1.587|0.383
 216|Platais 8        |277.54|  -7.79| 150|0.00  |7.75|0.60|3.00|1  |1  | 20| 3.5|0.7 |11.4| 1.5| 0.9| 0.1|2.737|0.172
 218|Platais 9        |267.21|   3.15| 200|0.00  |8.09|1.00|3.30|2  |1  | 19| 7.0|2.9 |14.7| 3.1| 0.6| 0.3|3.072|0.279
 220|IC 2488          |277.83|  -4.42|1134|0.23  |8.53|0.10|0.30|4  |3  | 35| 1.2|0.4 | 6.1| 0.9| 8.0| 2.3|1.940|0.201
 223|Turner 5         |264.23|  11.05| 400|0.10  |8.49|0.60|1.65|3  |2  | 29| 2.1|0.3 |12.9| 1.0| 1.5| 0.2|2.897|0.113
 224|NGC 2925         |275.91|  -1.23| 774|0.08  |8.05|0.09|0.30|4  |3  | 24| 0.9|0.3 | 3.9| 0.7|11.0| 3.3|1.362|0.240
 234|NGC 3114         |283.25|  -3.87| 911|0.08  |8.24|0.11|0.45|4  |3  | 59| 4.8|1.0 |11.8| 1.4| 3.0| 0.7|2.802|0.162
 235|Loden 28         |282.21|  -2.21|3950|0.62  |7.30|0.09|0.20|1  |4  | 12| 2.7|2.0 |15.7| 4.3| 0.3| 0.2|3.150|0.360
 239|Ruprecht 161     |284.63|  -4.34| 940|0.09  |8.39|0.12|0.30|1  |4  | 10| 3.9|3.1 | 6.1| 1.3| 1.3| 0.4|1.954|0.283
 242|Loden 46         |282.60|   2.07| 540|0.14  |9.03|0.11|0.32|3  |3  | 28| 2.0|1.7 | 5.8| 3.6| 6.3| 5.8|1.862|0.817
 258|Melotte 101      |289.86|  -5.56|1995|0.46  |8.35|0.09|0.20|4  |1  | 12| 2.1|1.8 | 9.6| 7.8| 1.0| 0.6|2.566|1.053
 259|IC 2602          |289.54|  -4.94| 160|0.03  |7.83|0.50|2.50|1  |1  | 53| 2.9|0.3 |12.7| 1.2| 2.2| 0.2|2.885|0.127
 261|Alessi 5         |288.08|  -2.05| 398|0.15  |7.71|0.10|0.30|2  |1  | 12| 1.2|0.6 | 2.9| 0.6| 8.6| 3.0|0.973|0.273
 267|Loden 189        |286.72|   2.59| 720|0.13  |8.64|0.10|0.28|2  |4  | 15| 2.6|1.1 | 5.1| 0.6| 3.2| 0.3|1.709|0.158
 271|Collinder 236    |289.58|  -1.23| 800|0.07  |8.37|0.08|0.20|3  |2  | 13| 1.1|0.6 | 3.2| 0.6| 6.9| 2.0|1.097|0.243
 276|NGC 3532         |289.60|   1.39| 497|0.04  |8.45|0.20|0.60|3  |1  | 64| 1.9|0.4 | 9.5| 2.0| 5.6| 0.8|2.518|0.271
 285|Stock 13         |290.50|   1.60|1577|0.22  |7.37|0.06|0.23|4  |1  | 10| 1.0|0.8 | 7.0| 2.0| 2.0| 1.7|2.146|0.384
 287|NGC 3680         |286.75|  16.92| 934|0.07  |9.09|0.07|0.21|4  |1  | 11| 0.6|0.4 | 5.1| 2.3| 6.0| 4.7|1.702|0.600
 288|Ruprecht 94      |294.05|  -1.98|3400|0.30  |7.19|0.10|0.25|4  |2  | 22| 3.2|1.8 |23.2|12.3| 0.4| 0.2|3.738|0.691
 293|NGC 3766         |294.11|  -0.03|1745|0.18  |7.52|0.08|0.23|4  |1  | 15| 1.3|0.7 | 6.9| 1.4| 2.6| 1.5|2.149|0.259
 294|vdBergh-Hagen 121|294.81|  -1.62|2735|0.29  |6.64|0.08|0.25|2  |3  | 12|12.2|7.6 |15.0| 2.1| 0.6| 0.4|3.169|0.183
 298|Loden 481        |295.84|   0.77|1520|0.24  |8.19|0.09|0.28|4  |1  | 11| 3.9|1.8 |10.2| 1.5| 0.6| 0.1|2.650|0.191
 300|Ruprecht 98      |297.30|  -2.28| 610|0.16  |8.78|0.10|0.35|4  |1  | 18| 3.1|1.1 | 6.0| 0.6| 3.1| 0.6|1.922|0.140
 308|Melotte 111      |222.43|  83.40|  87|0.00  |8.78|1.50|4.00|4  |2  | 44| 1.5|0.2 | 8.7| 0.7| 4.9| 0.4|2.391|0.117
 309|NGC 4349         |299.73|   0.84|2176|0.38  |8.32|0.10|0.22|4  |4  | 39| 1.8|0.6 |11.2| 1.3| 2.9| 1.0|2.804|0.153
 317|Loden 694        |303.12|   2.12|1700|0.24  |7.38|0.12|0.30|3  |2  | 19|10.8|5.6 |10.8| 1.0| 2.7| 2.1|2.743|0.132
 319|NGC 4852         |304.03|   3.27|1330|0.25  |8.63|0.09|0.20|4  |4  | 34| 1.5|0.6 | 5.0| 0.8| 8.4| 2.2|1.727|0.217
 320|NGC 5045         |305.47|  -0.63|1500|0.37  |7.11|0.15|0.38|2  |3  | 10| 2.6|1.6 | 9.0| 1.6| 0.6| 0.3|2.508|0.232
 324|Loden 821        |307.02|   2.83|2800|0.50  |7.29|0.08|0.20|3  |3  | 12| 2.3|1.9 | 9.4| 2.2| 0.7| 0.4|2.622|0.300
 335|Loden 1010       |309.51|   1.94| 700|0.20  |8.69|0.09|0.25|2  |3  | 11| 0.9|0.5 | 3.8| 1.0| 4.1| 2.0|1.340|0.349
 337|Platais 12       |309.71|  -1.30| 435|0.10  |8.23|0.25|1.25|1  |1  | 57|12.2|2.0 |18.2| 1.2| 1.3| 0.4|3.380|0.097
 338|NGC 5316         |310.22|   0.12|1215|0.27  |8.19|0.10|0.28|4  |4  | 43| 1.7|0.4 | 9.3| 1.5| 4.2| 1.0|2.544|0.212
 343|Ruprecht 110     |309.95|  -5.61|1300|0.00  |8.74|0.10|0.23|1  |4  | 14| 3.4|1.6 | 8.1| 1.6| 1.3| 0.4|2.365|0.258
 345|NGC 5460         |315.74|  12.64| 673|0.09  |8.31|0.20|0.38|4  |1  | 20| 1.2|0.5 | 8.1| 2.8| 3.1| 1.0|2.337|0.446
 347|Ruprecht 167     |313.91|   2.04|2000|0.10  |8.57|0.10|0.21|3  |3  | 10| 1.4|1.2 | 6.8| 1.8| 1.5| 1.2|2.196|0.340
 350|Lynga 2          |313.84|  -0.44|1000|0.20  |8.42|0.08|0.22|3  |2  | 12| 1.1|0.6 | 4.4| 1.5| 4.8| 2.2|1.559|0.456
 355|NGC 5662         |316.93|   3.40| 678|0.31  |7.64|0.10|0.32|4  |2  | 37| 1.4|0.6 | 6.2| 2.3| 7.2| 1.9|1.997|0.480
 356|Alessi 6         |313.64|  -5.53| 437|0.19  |8.30|0.16|0.42|3  |4  | 36| 0.7|0.2 | 3.6| 0.3|22.7| 5.4|1.274|0.111
 357|vdBergh-Hagen 164|314.28|  -6.07| 550|0.13  |7.14|0.14|0.40|1  |1  | 11| 4.2|1.9 | 6.4| 0.8| 2.3| 1.0|2.020|0.166
 360|NGC 5822         |321.57|   3.59| 917|0.15  |8.83|0.18|0.53|4  |1  | 73| 2.3|0.4 |14.0| 1.7| 3.4| 0.5|3.078|0.160
 362|Alessi 8         |326.49|   4.27| 575|0.09  |7.92|0.08|0.31|4  |2  | 20| 1.2|0.6 | 5.1| 2.2| 5.7| 2.0|1.751|0.551
 366|NGC 6025         |324.55|  -5.88| 769|0.16  |7.96|0.10|0.38|4  |2  | 38| 1.2|0.3 | 6.9| 0.8| 7.1| 1.6|2.151|0.153
 367|Nor OB5          |332.98|   1.86|1800|0.86  |7.11|0.30|1.00|2  |1  | 24|22.6|5.7 |57.1| 8.4| 0.0| 0.0|4.989|0.197
 369|NGC 6067         |329.74|  -2.20|1417|0.40  |8.01|0.09|0.25|4  |3  | 57| 1.1|0.3 | 7.0| 0.8|11.3| 3.3|2.217|0.149
 370|Harvard 10       |329.83|  -3.27|1312|0.25  |7.87|0.18|0.55|2  |1  | 26| 3.9|1.0 |15.9| 1.7| 0.7| 0.1|3.279|0.148
 371|NGC 6087         |327.72|  -5.42| 901|0.18  |7.93|0.14|0.48|4  |2  | 51| 2.8|0.5 | 8.3| 0.6| 4.5| 0.5|2.408|0.106
 373|NGC 6124         |340.74|   6.03| 470|0.68  |8.34|0.17|0.55|4  |4  | 87| 0.6|0.1 | 6.0| 1.3|39.7| 7.6|1.941|0.295
 376|NGC 6152         |332.91|  -3.15|1030|0.20  |8.65|0.10|0.36|4  |2  | 54| 1.1|0.2 | 9.3| 1.1| 8.0| 2.2|2.565|0.161
 380|NGC 6193         |336.71|  -1.57|1155|0.47  |6.90|0.08|0.25|1  |3  | 11| 0.8|0.6 | 4.8| 0.9| 3.8| 2.7|1.705|0.256
 387|NGC 6242         |345.47|   2.47|1131|0.38  |7.63|0.10|0.28|4  |1  | 18| 0.6|0.4 | 7.8| 4.9| 6.5| 5.1|2.359|0.810
 389|NGC 6249         |341.53|  -1.18| 981|0.44  |7.54|0.07|0.20|3  |1  | 12| 0.9|0.6 | 5.4| 3.5| 3.9| 2.5|1.863|0.830
 392|NGC 6281         |347.72|   1.98| 494|0.15  |8.51|0.10|0.45|4  |1  | 35| 0.8|0.3 | 6.3| 2.7|11.1| 2.9|2.006|0.563
 393|Sco OB4          |352.39|   3.44|1100|0.20  |6.82|0.40|1.70|4  |1  |102|13.1|1.6 |60.5| 6.5| 0.2| 0.0|5.021|0.145
 396|vdBergh-Hagen 221|353.97|   3.00| 750|0.20  |8.01|0.08|0.23|3  |2  | 15| 1.1|0.4 | 4.2| 0.8| 6.4| 2.2|1.507|0.264
 402|NGC 6383         |355.68|   0.05| 985|0.30  |6.71|0.08|0.25|3  |2  | 12| 3.3|2.0 | 5.0| 0.8| 3.8| 1.8|1.769|0.211
 406|Collinder 338    |351.70|  -3.29| 880|0.25  |8.65|0.10|0.26|3  |2  | 10| 1.4|0.7 | 6.1| 1.3| 1.8| 0.8|2.015|0.278
 407|NGC 6400         |352.58|  -3.24| 950|0.11  |8.78|0.07|0.21|4  |1  | 10| 0.7|0.5 | 6.5| 4.1| 3.2| 2.3|2.098|0.825
 408|NGC 6405         |356.62|  -0.74| 487|0.14  |7.91|0.11|0.40|4  |1  | 16| 1.0|0.4 | 4.3| 0.9| 5.9| 1.8|1.528|0.284
 410|Alessi 9         |344.13|  -9.13| 195|0.07  |8.42|0.60|1.40|3  |1  | 16| 1.2|0.4 | 9.5| 3.5| 2.3| 0.5|2.526|0.479
 411|NGC 6416         |356.93|  -1.55| 741|0.25  |8.78|0.10|0.22|4  |4  | 27| 1.1|0.4 | 3.0| 0.4|18.6| 3.2|1.072|0.162
 412|IC 4665          | 30.62|  17.08| 352|0.17  |7.63|0.30|1.00|3  |1  | 20| 1.3|0.4 | 7.1| 1.8| 3.2| 0.7|2.145|0.339
 414|Collinder 350    | 26.79|  14.69| 280|0.37  |8.61|0.20|0.55|4  |2  | 17| 1.8|0.5 | 4.0| 0.6| 7.1| 2.2|1.389|0.191
 418|Sco OB5          |352.38|  -6.20|3310|0.23  |6.86|0.15|0.58|3  |1  | 18|28.3|8.3 |53.6| 6.6| 0.0| 0.0|5.043|0.165
 420|NGC 6475         |355.86|  -4.49| 300|0.10  |8.22|0.20|1.20|2  |1  | 70| 1.9|0.3 |10.3| 1.6| 5.2| 0.5|2.639|0.206
 422|NGC 6494         |  9.88|   2.84| 628|0.36  |8.52|0.15|0.58|4  |3  |126| 1.0|0.2 |11.1| 1.6|17.8| 2.5|2.770|0.197
 423|Collinder 359    | 29.72|  12.63| 640|0.16  |7.45|0.40|1.10|4  |2  | 40| 7.7|1.1 |21.0| 1.9| 0.5| 0.1|3.592|0.122
 427|NGC 6531         |  7.67|  -0.35|1205|0.28  |6.82|0.10|0.30|3  |3  | 21| 0.8|0.4 | 7.1| 1.0| 5.1| 3.0|2.231|0.198
 429|NGC 6546         |  7.32|  -1.43| 938|0.49  |8.72|0.10|0.20|1  |4  | 10| 1.1|0.7 | 4.0| 0.9| 3.7| 1.7|1.470|0.296
 430|vdBergh 113      |  9.13|  -0.77|3470|0.58  |7.50|0.10|0.23|4  |1  | 12| 9.6|4.8 |20.6| 3.4| 0.2| 0.0|3.811|0.218
 434|NGC 6568         |  9.41|  -1.64|1000|0.25  |8.71|0.08|0.22|4  |1  | 11| 1.2|0.7 | 4.8| 1.6| 3.2| 1.6|1.701|0.429
 439|NGC 6604         | 18.24|   1.70|1696|0.95  |6.64|0.07|0.26|4  |1  | 12| 2.4|1.4 | 8.8| 2.3| 1.0| 0.4|2.561|0.341
 441|NGC 6611         | 16.94|   0.80|1719|0.70  |6.72|0.08|0.22|4  |1  | 13| 0.9|0.7 | 7.8| 2.2| 2.9| 2.7|2.406|0.372
 442|Alessi 19        | 40.29|  12.63| 550|0.04  |8.05|0.20|0.75|2  |1  | 12| 5.9|2.4 |11.6| 2.2| 0.6| 0.3|2.801|0.252
 444|NGC 6618         | 15.05|  -0.70|1814|1.60  |6.78|0.09|0.30|1  |4  | 15| 8.5|3.9 |11.6| 1.5| 0.6| 0.2|2.923|0.176
 446|NGC 6633         | 36.01|   8.34| 385|0.18  |8.76|0.15|0.51|4  |3  | 57| 1.4|0.3 | 4.2| 0.3|19.4| 2.3|1.456|0.112
 449|IC 4725          | 13.68|  -4.41| 620|0.45  |7.83|0.20|0.60|4  |3  | 73| 1.5|0.2 |10.4| 1.1| 7.1| 1.0|2.677|0.143
 450|IC 4756          | 36.37|   5.26| 484|0.19  |8.79|0.35|1.00|4  |1  | 90| 2.7|0.3 |14.6| 1.0| 3.5| 0.3|3.097|0.102
 452|Ruprecht 145     | 16.51|  -8.01| 770|0.25  |8.64|0.15|0.37|4  |1  | 16| 1.7|0.6 | 7.1| 1.0| 2.2| 0.6|2.196|0.197
 454|NGC 6709         | 42.12|   4.72|1075|0.32  |8.14|0.10|0.22|4  |1  | 17| 1.2|0.5 | 6.0| 1.5| 3.8| 1.4|1.984|0.335
 455|Collinder 394    | 14.90|  -9.26| 703|0.24  |7.86|0.15|0.43|4  |1  | 20| 2.3|0.6 |10.2| 1.9| 1.4| 0.3|2.662|0.243
 456|Stephenson 1     | 66.81|  15.39| 373|0.04  |7.69|0.20|0.87|2  |1  | 16| 2.8|1.5 | 9.5| 3.4| 1.1| 0.4|2.522|0.460
 460|Ruprecht 147     | 20.99| -12.81| 175|0.15  |9.39|0.25|1.23|4  |2  | 71| 0.7|0.1 | 5.7| 1.0|26.7| 3.2|1.857|0.222
 463|Stock 1          | 60.25|   2.26| 350|0.17  |8.53|0.17|0.40|4  |2  | 22| 0.9|0.3 | 3.0| 0.6|15.7| 4.2|0.996|0.259
 464|NGC 6811         | 79.21|  12.02|1240|0.14  |8.76|0.10|0.30|4  |3  | 25| 1.7|0.6 | 5.9| 0.8| 4.5| 1.1|1.903|0.172
 465|NGC 6823         | 59.40|  -0.14|1893|0.84  |7.01|0.07|0.27|3  |2  | 10| 2.5|1.4 | 9.7| 1.7| 0.7| 0.3|2.612|0.232
 466|Turner 9         | 64.75|   2.51| 852|0.15  |8.06|0.40|0.80|3  |1  | 36|13.5|3.4 |20.6| 2.2| 0.7| 0.3|3.543|0.142
 471|Roslund 3        | 58.80|  -4.68|1515|0.34  |7.61|0.07|0.20|2  |2  | 16| 0.9|0.6 | 6.1| 2.4| 4.3| 3.1|1.997|0.513
 476|NGC 6871         | 72.64|   2.06|1574|0.44  |6.99|0.08|0.23|2  |1  | 10| 1.5|1.0 | 6.6| 1.5| 1.7| 0.9|2.064|0.306
 479|Roslund 5        | 71.47|   0.23| 418|0.10  |7.77|0.15|0.54|4  |1  | 13| 2.6|1.7 | 5.5| 2.0| 3.1| 3.1|1.805|0.471
 489|Roslund 6        | 78.06|   0.26| 450|0.06  |8.47|0.15|0.27|1  |4  | 16| 1.4|0.7 | 3.3| 0.8| 9.9| 5.1|1.134|0.332
 490|Cyg OB2          | 80.21|   0.79|1500|1.30  |6.72|0.17|0.60|3  |2  | 16| 2.5|0.8 |21.0| 3.7| 0.5| 0.2|3.548|0.232
 491|NGC 6940         | 69.85|  -7.15| 770|0.21  |8.94|0.16|0.50|4  |2  | 78| 1.6|0.3 | 7.8| 1.0|10.0| 1.5|2.267|0.165
 492|Alessi 12        | 67.41| -11.46| 537|0.08  |7.90|0.20|0.50|3  |1  | 16| 1.9|0.6 | 8.8| 1.9| 1.8| 0.4|2.415|0.290
 493|Roslund 7        | 79.80|  -4.22| 700|0.20  |8.67|0.11|0.43|1  |1  | 12| 1.4|0.5 | 6.9| 0.9| 2.0| 0.6|2.092|0.172
 494|NGC 6991         | 87.39|   1.60| 700|0.00  |9.11|0.10|0.42|4  |4  | 60| 3.8|0.8 | 7.4| 0.7| 7.5| 2.1|2.170|0.139
 497|NGC 7063         | 83.06|  -9.88| 689|0.09  |8.08|0.08|0.26|3  |2  | 16| 0.9|0.4 | 4.2| 1.0| 6.9| 2.8|1.430|0.308
 498|NGC 7082         | 91.16|  -2.87|1442|0.24  |7.91|0.10|0.35|4  |1  | 17| 4.7|1.9 |10.7| 1.4| 0.9| 0.2|2.644|0.174
 499|NGC 7092         | 92.41|  -2.23| 311|0.01  |8.57|0.28|0.88|3  |2  | 39| 1.2|0.3 | 6.7| 1.6| 7.0| 1.2|2.048|0.318
 500|IC 1396          | 99.28|   3.74| 835|0.47  |6.69|0.25|0.65|3  |2  | 22| 2.1|0.5 |11.7| 1.9| 1.4| 0.3|2.760|0.215
 502|NGC 7209         | 95.51|  -7.36|1167|0.16  |8.65|0.12|0.25|4  |1  | 18| 1.8|1.1 | 7.1| 3.7| 2.5| 1.3|2.109|0.678
 504|NGC 7243         | 98.85|  -5.52| 808|0.22  |8.09|0.17|0.52|4  |2  | 43| 1.6|0.3 |10.4| 0.9| 3.8| 0.8|2.597|0.125
 507|NGC 7281         |104.44|   0.29|1620|0.50  |7.86|0.09|0.20|3  |3  | 13| 3.5|2.6 | 5.0| 0.9| 3.8| 1.9|1.605|0.241
 508|NGC 7380         |107.10|  -0.88|2222|0.60  |6.72|0.10|0.25|1  |2  | 13| 1.7|1.1 |11.5| 5.0| 1.0| 0.6|2.654|0.572
 509|NGC 7438         |106.70|  -4.90| 600|0.40  |8.93|0.08|0.23|4  |3  | 16| 2.1|0.9 | 4.0| 0.5| 6.1| 1.6|1.338|0.183
 510|Cep OB3          |111.26|   2.98| 700|0.55  |7.44|0.30|1.00|2  |2  | 24| 7.0|1.5 |22.6| 3.1| 0.3| 0.1|3.599|0.186
 514|Stock 12         |111.44|  -8.48| 400|0.05  |8.45|0.12|0.37|4  |1  | 12| 0.6|0.3 | 4.0| 2.2| 8.1| 4.0|1.350|0.735
 515|Aveni-Hunter 1   |110.55| -12.58| 500|0.10  |8.26|0.15|0.50|2  |2  | 12| 3.7|1.4 | 7.1| 0.9| 1.4| 0.4|2.094|0.165
 518|NGC 7789         |115.51|  -5.38|2337|0.22  |9.23|0.10|0.27|4  |3  | 27| 4.2|1.5 |19.7| 5.3| 0.5| 0.1|3.313|0.353
1013|ASCC 13          |163.40|   3.26| 800|0.20  |7.71|0.25|0.70|4  |1  | 12| 5.2|2.3 |13.3| 3.7| 0.4| 0.2|2.853|0.366
1016|ASCC 16          |200.98| -18.35| 460|0.09  |6.93|0.25|0.62|4  |1  | 13| 2.9|0.8 | 8.0| 0.9| 1.2| 0.2|2.238|0.157
1019|ASCC 19          |204.88| -19.47| 350|0.01  |7.64|0.20|0.80|1  |3  | 14| 1.5|0.5 | 6.3| 0.7| 2.0| 0.5|1.940|0.144
1020|ASCC 20          |201.67| -17.53| 450|0.04  |7.35|0.25|0.75|4  |1  | 11| 5.6|2.9 |12.3| 3.7| 0.5| 0.3|2.794|0.396
1021|ASCC 21          |199.86| -16.49| 500|0.03  |7.11|0.30|0.80|4  |1  | 12| 4.3|1.3 |11.9| 2.2| 0.5| 0.1|2.746|0.240
1023|ASCC 23          |167.52|  14.42| 600|0.07  |8.45|0.15|0.36|3  |3  | 13| 4.0|2.2 | 6.2| 1.3| 2.7| 2.4|1.878|0.274
1032|ASCC 32          |237.88|  -9.61| 750|0.08  |8.18|0.12|0.50|4  |1  | 11| 3.4|1.4 | 7.8| 1.2| 1.1| 0.3|2.198|0.204
1044|ASCC 44          |264.92| -10.47|1100|0.18  |7.89|0.18|0.40|3  |2  | 13| 5.5|2.3 |13.7| 3.1| 0.4| 0.2|2.958|0.302
1047|ASCC 47          |258.26|   0.31| 900|0.10  |7.88|0.15|0.50|1  |2  | 11| 4.5|2.3 |10.8| 1.8| 0.3| 0.1|2.645|0.225
1048|ASCC 48          |257.39|   1.61| 400|0.00  |9.09|0.13|0.32|2  |4  | 19| 3.2|1.2 | 3.8| 0.3|14.3| 7.6|1.294|0.121
1051|ASCC 51          |286.24| -14.08| 500|0.05  |8.53|0.20|0.66|4  |2  | 32| 4.1|0.7 | 9.6| 0.7| 2.1| 0.2|2.524|0.098
1056|ASCC 56          |286.39|  -6.87| 800|0.11  |8.08|0.16|0.35|3  |4  | 19| 7.9|4.4 | 6.7| 0.7| 5.8| 5.7|2.071|0.137
1073|ASCC 73          |301.49|  -4.46| 650|0.05  |8.19|0.10|0.40|1  |4  | 24| 3.9|1.2 | 6.8| 0.6| 2.9| 0.5|2.106|0.121
1077|ASCC 77          |312.00|  -0.86|2200|0.30  |6.99|0.15|0.32|2  |2  | 16|10.3|4.2 |18.6| 2.2| 0.2| 0.1|3.504|0.156
1087|ASCC 87          |355.15|   8.02| 900|0.26  |8.52|0.15|0.55|1  |2  | 12| 8.3|3.1 |12.7| 1.2| 0.5| 0.1|2.968|0.132
1088|ASCC 88          |349.88|   3.08|1900|0.50  |7.17|0.30|0.55|4  |1  | 11|17.5|6.9 |28.4| 3.7| 0.1| 0.0|4.107|0.174
1089|ASCC 89          |329.04| -14.56| 500|0.10  |7.03|0.45|1.10|2  |1  | 12| 7.5|2.7 |13.2| 2.1| 0.5| 0.3|2.975|0.209
1095|ASCC 95          |  6.15|  -4.27|1500|0.32  |8.04|0.10|0.32|2  |2  | 11| 6.4|4.7 |13.5| 4.8| 0.4| 0.4|3.100|0.466
1097|ASCC 97          | 14.16|  -5.56| 800|0.40  |7.88|0.15|0.43|3  |2  | 11| 4.3|1.9 | 9.0| 1.4| 0.7| 0.2|2.503|0.214
1101|ASCC 101         | 67.99|  11.59| 350|0.00  |8.52|0.15|0.36|3  |2  | 14| 2.3|1.0 | 3.2| 0.4|11.0| 5.9|1.083|0.172
1111|ASCC 111         | 74.62|   2.08|1600|0.30  |7.05|0.20|0.55|4  |1  | 27|10.5|3.4 |27.3| 6.1| 0.2| 0.1|3.908|0.291
1112|ASCC 112         | 87.47|   9.30| 550|0.08  |8.15|0.10|0.22|4  |2  | 15| 2.0|1.1 | 3.2| 0.4|11.1| 4.7|1.068|0.189
1117|ASCC 117         |104.85|   5.39|1200|0.30  |6.67|0.11|0.35|2  |2  | 10| 3.0|1.6 |10.1| 2.3| 0.6| 0.2|2.540|0.305
1124|ASCC 124         |101.73| -11.48| 600|0.15  |8.48|0.10|0.30|1  |3  | 11| 3.7|2.0 | 5.2| 0.9| 3.5| 2.9|1.711|0.237
1127|ASCC 127         |112.26|   4.13| 350|0.10  |7.82|0.18|0.72|4  |1  | 12| 4.4|1.5 | 7.4| 0.9| 1.6| 0.7|2.156|0.161
1128|ASCC 128         |109.93|  -5.96| 900|0.13  |8.44|0.15|0.35|1  |2  | 11| 6.7|3.6 | 7.8| 0.9| 1.9| 1.3|2.215|0.156