SR1001  2.510 0.775 -2.301 0.150 4.184 0.144
SR1009  1.580 0.260  0.477 0.088 5.154 0.175
SR1012  1.120 0.259 -1.602 0.122 4.148 0.129
SR1013  0.006 0.002  0.301 1.049 2.688 0.112
SR1020  1.580 0.185 -0.824 0.150 4.025 0.100
SR1021  0.022 0.008 -1.602 0.122 3.032 0.081
SR1022  3.160 1.810 -2.301 0.238 4.683 0.244
SR1024  3.980 1.400 -2.301 0.150 4.565 0.004
SR1028  2.000 0.465 -0.699 0.301 3.914 0.059
SR1029  1.000 0.233 -1.456 0.412 3.666 0.093
SR1030  0.022 0.002 -1.602 0.122 3.230 0.186
SR1031 10.000 2.760 -1.155 0.316 5.516 0.010
SR1041  0.631 0.146  0.301 0.238 3.896 0.084
SR1049 12.600 1.845 -2.301 0.150 4.837 0.032
SR1052  0.020 0.002 -1.602 0.122 2.674 0.124
SR1059  3.980 1.555 -1.699 0.199 5.257 0.131
SR1066  0.355 0.169 -0.699 0.850 4.051 0.043
SR1074 11.200 3.145 -2.301 0.238 4.920 0.001
SR1080  2.820 1.250 -1.301 0.301 4.508 0.016
SR1083 12.600 0.700  0.477 0.040 6.177 0.113
SR1087  1.260 0.145 -1.602 0.122 4.108 0.006
SR1088  3.550 0.410 -0.071 0.051 4.874 0.179
SR1090  6.310 1.305  0.477 0.040 5.205 0.059
SR1102  0.794 0.146  0.477 0.040 4.326 0.118
SR1103  0.126 0.086 -1.155 0.850 4.149 0.033
SR1111  0.040 0.013 -1.602 0.122 3.765 0.090
SR1112  0.025 0.005 -0.699 0.111 3.635 0.017
SR1114  1.410 0.260 -2.000 0.350 4.293 0.037
SR1115  3.550 1.385 -2.301 0.150 5.634 0.102
SR1122  0.025 0.004 -0.699 0.111 3.176 0.042
SR1124  0.025 0.004 -0.699 0.111 3.056 0.030
SR1125  7.940 0.915  0.301 0.111 5.130 0.013
SR1126 12.600 2.330 -1.155 0.228 5.002 0.050
SR1129  0.316 0.087  0.176 0.398 3.608 0.088
SR1133  0.016 0.002  0.477 0.040 3.018 0.128
SR1134  0.126 0.072 -1.301 1.088 3.625 0.046
SR1138  1.000 0.233  0.176 0.199 4.984 0.002
SR1139  0.501 0.213 -1.155 0.228 4.544 0.089
SR1143  8.910 3.490 -1.824 0.350 4.784 0.096
SR1144  0.063 0.022 -1.301 0.301 3.286 0.165
SR1146  0.025 0.003 -0.699 0.111 2.925 0.054
SR1147  0.025 0.004 -0.699 0.111 2.583 0.013
SR1148  0.501 0.176 -0.523 0.850 3.761 0.097
SR1149  0.562 0.320 -1.699 0.573 3.965 0.040
SR1150  0.447 0.175 -1.155 0.316 3.594 0.115
SR1152  2.820 0.870 -2.301 0.150 4.375 0.047
SR1154  1.000 0.184  0.301 0.150 4.204 0.144
SR1161 10.000 3.145 -1.824 0.350 5.504 0.010
SR1162  0.025 0.004 -0.699 0.111 2.316 0.074
SR1163  0.025 0.005 -0.699 0.650 3.184 0.050
SR1166  0.562 0.220 -1.602 0.850 3.605 0.079
SR1169  1.410 0.260 -1.699 0.423 4.336 0.635
SR1170  0.316 0.150 -2.301 0.150 4.274 0.123
SR1175  1.260 0.259 -1.602 0.122 4.342 0.029
SR1179 12.600 1.845 -2.301 0.238 5.511 0.025
SR1180  0.040 0.009 -1.602 0.122 3.355 0.110
SR1181  5.010 1.765 -2.301 0.150 5.066 0.189
SR1182  5.620 2.875 -1.602 0.423 4.458 0.503
SR1184  0.025 0.004 -0.699 0.111 3.816 0.119
SR1185  1.000 0.184  0.176 0.199 4.576 0.048
SR1188  8.910 1.030  0.398 0.150 6.104 0.052
SR1190  0.025 0.004 -0.699 0.588 3.164 0.039
SR1196  1.580 0.295 -0.398 0.262 4.674 0.106
SR1197  2.000 0.230  0.477 0.040 5.441 0.103
SR1199  0.178 0.079  0.477 0.040 4.123 0.109
SR1200  0.040 0.007 -1.602 0.122 2.965 0.125
SR1203  0.562 0.131 -0.301 0.350 4.784 0.114
SR1204  0.025 0.004 -0.699 0.111 2.807 0.060
SR1207  0.018 0.008 -0.071 0.051 3.735 0.053
SR1208  0.018 0.002  0.000 0.124 2.360 0.018
SR1214  0.251 0.069  0.477 0.150 3.410 0.026
SR1215  0.018 0.002 -1.602 0.122 3.397 0.075
SR1219  0.025 0.005 -0.699 0.213 2.639 0.140
SR1224  1.410 0.160 -1.602 0.122 4.639 0.049
SR1226  0.025 0.005 -0.523 0.335 2.807 0.047
SR1230  1.260 0.205  0.000 0.166 4.672 0.087
SR1232  0.022 0.004 -0.155 0.262 3.114 0.047
SR1233  3.980 1.400 -2.301 0.238 4.993 0.015
SR1235  0.562 0.247 -1.000 0.466 4.238 0.014
SR1237  0.501 0.198 -1.000 0.650 3.852 0.054
SR1239  0.631 0.146 -0.022 0.287 4.541 0.115
SR1241  0.794 0.245 -1.301 0.228 4.337 0.007
SR1244  7.940 3.490 -2.000 0.238 4.817 0.166
SR1249  0.063 0.017 -2.301 0.150 3.616 0.012
SR1251  0.016 0.002  0.477 0.040 2.919 0.126
SR1255  2.240 0.520 -1.155 0.389 4.741 0.127
SR1258  3.980 1.400 -2.301 0.150 5.054 0.162
SR1262  1.580 0.295 -2.000 0.301 4.745 0.101
SR1265  0.045 0.026  0.477 0.040 3.364 0.180
SR1271  1.260 0.205 -1.699 0.423 4.770 0.545
SR1273  0.158 0.315 -0.523 0.850 4.137 0.373
SR1276  0.028 0.008 -0.824 0.423 3.688 0.060
SR1282  2.240 0.365 -2.301 0.150 4.187 0.064
SR1283  2.510 0.990 -2.301 0.238 4.246 0.111
SR1286  1.120 0.308  0.477 0.040 4.001 0.199
SR1289  0.631 0.174 -0.071 0.938 3.195 0.064
SR1290  1.120 0.185 -2.000 0.238 4.042 0.076
SR1295  1.260 0.145 -2.000 0.301 4.988 0.162
SR1296  0.071 0.032 -1.602 0.122 3.459 0.106
SR1297  0.020 0.002 -0.398 0.184 3.109 0.069
SR1300  0.020 0.004 -1.155 0.316 2.690 0.043
SR1302  0.022 0.004 -0.699 0.150 2.817 0.019
SR1303  0.501 0.176 -1.000 0.301 4.214 0.036
SR1305 12.600 1.300 -0.602 0.213 5.805 0.180
SR1306  1.260 0.145  0.176 0.199 4.960 0.105
SR1307 12.600 3.490 -2.000 0.301 4.976 0.022
SR1311  0.158 0.062 -1.602 0.122 4.356 0.092
SR1312  1.000 0.184 -0.301 0.199 5.272 0.090
SR1315  1.000 0.206 -2.000 0.238 4.122 0.092
SR1317  1.580 0.260  0.477 0.040 4.993 0.138
SR1319  0.025 0.003 -0.824 0.150 3.465 0.070
SR1320  4.470 1.575 -1.602 0.650 4.451 0.088
SR1322  0.794 0.146  0.176 0.199 4.745 0.084
SR1323  0.562 0.155 -0.398 0.850 3.442 0.097
SR1324  1.260 0.230  0.176 0.199 4.887 0.143
SR1328  0.355 0.139 -2.301 0.238 4.174 0.087
SR1329  0.126 0.138 -1.000 0.889 3.222 0.077
SR1330 10.000 3.145 -2.000 0.301 5.358 0.028
SR1331 12.600 1.845 -2.301 0.238 4.771 0.019
SR1332  1.410 0.160 -1.699 0.423 4.540 0.072
SR1333  1.410 0.330  0.477 0.088 5.444 0.058
SR1334  5.620 3.420 -2.301 0.238 4.680 0.267
SR1335  4.470 1.575 -2.301 0.150 4.648 0.016
SR1336  2.510 0.410 -0.398 0.850 4.844 0.008
SR1339  0.025 0.003 -0.699 0.111 3.266 0.056
SR1342  0.022 0.002 -0.071 0.150 3.510 0.153
SR1348  0.251 0.069  0.477 0.150 3.263 0.041
SR1349  1.410 0.230  0.477 0.088 4.764 0.076
SR1352  0.141 0.155 -1.000 0.650 3.107 0.109
SR1355  0.891 0.276 -1.301 0.316 4.281 0.011
SR1356  0.079 0.034 -1.602 0.122 3.444 0.074
SR1358  6.310 1.035 -1.602 0.122 4.879 0.049
SR1359  5.010 0.575  0.000 0.238 5.596 0.028
SR1367  1.780 0.415 -1.602 0.122 4.196 0.082
SR1368  1.410 0.260  0.398 0.088 5.248 0.007
SR1369  0.028 0.005 -0.699 0.213 3.257 0.034
SR1374  0.020 0.009 -1.602 0.650 3.699 0.039
SR1376  0.018 0.004 -1.456 0.951 2.996 0.200
SR1377  0.016 0.005  0.477 0.088 3.277 0.037
SR1378  1.410 0.160 -1.602 0.122 4.260 0.034
SR1379  6.310 3.365 -2.301 0.150 5.599 0.007
SR1380  4.470 2.285 -2.301 0.238 4.602 0.081
SR1381  0.036 0.014 -1.699 0.199 3.235 0.075
SR1384 11.200 1.300  0.301 0.111 5.734 0.082
SR1385  0.036 0.015 -1.155 0.223 3.391 0.118
SR1387  1.410 0.160 -2.000 0.238 4.462 0.008
SR1389  0.025 0.004 -0.699 0.111 2.815 0.048
SR1392  0.282 0.145 -2.301 0.150 3.760 0.117
SR1393  1.120 0.259 -1.824 0.199 4.271 0.095
SR1396  0.040 0.012 -1.602 0.122 3.382 0.152
SR1403  0.018 0.002 -2.301 0.150 3.428 0.148
SR1404  0.025 0.004 -0.699 0.111 3.101 0.133
SR1409  0.040 0.011 -1.602 0.122 3.283 0.147
SR1411  0.018 0.002 -1.602 0.122 3.311 0.077
SR1412  0.708 0.336 -2.301 0.301 4.537 0.129
SR1413  0.020 0.002 -1.602 0.122 2.728 0.231
SR1414  0.016 0.002  0.398 0.088 2.267 0.081
SR1418  0.004 0.001 -1.602 0.122 3.589 0.054
SR1419  0.014 0.002  0.477 0.040 2.770 0.076
SR1421  0.282 0.099 -0.523 0.412 3.683 0.054
SR1422  0.040 0.007 -1.602 0.122 3.780 0.092
SR1426  0.040 0.009 -1.602 0.122 3.445 0.136
SR1429  1.580 0.185 -1.602 0.122 4.168 0.023
SR1432  1.780 0.465 -2.000 0.301 4.512 0.019
SR1435  2.820 0.325 -1.602 0.122 4.154 0.273
SR1437  0.025 0.004 -0.699 0.111 3.258 0.052
SR1438  0.022 0.004 -1.000 0.238 2.915 0.028
SR1442  5.620 1.980 -2.301 0.150 4.659 0.184
SR1443  2.510 1.100 -2.301 0.150 4.627 0.006
SR1444  0.016 0.005  0.398 0.088 2.807 0.011
SR1448  0.071 0.025 -1.301 0.301 3.186 0.002
SR1457  0.004 0.002 -1.602 0.122 3.358 0.214
SR1458  1.260 0.145  0.301 0.150 5.359 0.184
SR1460  2.240 0.365 -0.824 0.350 5.243 0.098
SR1466  0.282 0.110 -0.071 1.049 3.883 0.044
SR1467 10.000 3.490 -2.301 0.238 4.757 0.070
SR1469  0.282 0.124 -0.523 0.738 3.493 0.043
SR1472  0.009 0.006  0.398 0.966 2.912 0.344
SR1475  0.022 0.002 -1.602 0.122 2.781 0.127
SR1476  0.079 0.028 -1.602 0.122 3.232 0.178
SR1477  0.018 0.002  0.000 0.124 2.704 0.089
SR1479  2.240 0.790 -2.301 0.238 4.329 0.108
SR1481  0.018 0.005  0.301 0.238 2.792 0.030
SR1485  0.022 0.004 -1.602 0.122 3.010 0.007
SR1486  0.891 0.206 -1.602 0.122 3.963 0.001
SR1487  3.980 2.130 -1.602 0.122 5.079 0.008
SR1496  5.010 1.960  0.000 0.150 4.670 0.763
SR1501  0.355 0.082  0.176 0.262 3.467 0.217
SR1503  0.126 0.045 -1.000 0.238 4.213 0.074
SR1504  1.410 0.160 -1.824 0.350 4.694 0.030
SR1506  0.398 0.093  0.176 0.350 3.589 0.168
SR1507  5.620 3.225 -2.301 0.238 5.070 0.040
SR1510  0.022 0.004 -0.699 0.150 3.321 0.067
SR1511  1.120 0.259 -1.602 0.122 3.931 0.023
SR1513  2.510 0.775 -2.301 0.150 4.227 0.016
SR1514 12.600 3.145 -2.301 0.238 5.808 0.012
SR1522  0.100 0.058 -1.456 0.412 3.931 0.028
SR1524  0.025 0.005 -0.602 0.335 3.222 0.015
SR1525  1.410 0.160 -2.301 0.150 4.771 0.064
SR1533  0.794 0.146  0.176 0.199 3.795 0.078
SR1534  2.240 0.790 -2.301 0.238 4.360 0.265
SR1540  0.056 0.057 -0.699 0.588 3.860 0.048
SR1541  0.006 0.002  0.301 0.111 2.725 0.030
SR1543  0.501 0.116 -0.071 0.287 3.891 0.219
SR1545  1.260 0.145 -0.125 0.287 5.010 0.100
SR1547  0.079 0.035 -1.602 0.122 3.896 0.130
SR1548 12.600 1.845 -0.824 0.199 5.090 0.086
SR1552  0.028 0.004 -0.699 0.301 3.213 0.061
SR1553  5.620 2.465 -2.301 0.238 5.024 0.023
SR1557  1.260 0.145 -1.824 0.423 5.044 0.062
SR1558  0.025 0.003 -0.699 0.111 2.691 0.127
SR1563  1.580 0.370 -2.000 0.350 4.015 0.157
SR1564  0.022 0.002 -0.699 0.588 3.293 0.088
SR1565  0.022 0.004 -1.602 0.122 3.103 0.022
SR1566 10.000 3.145 -1.824 0.350 5.900 0.030
SR1569  0.089 0.032 -1.155 1.088 3.582 0.043
SR1570  2.000 0.230  0.477 0.088 5.347 0.102
SR1580  5.010 1.765 -1.824 0.350 5.313 0.064
SR1582  0.025 0.004 -0.699 0.111 3.529 0.016
SR1584  1.780 0.210  0.477 0.040 5.200 0.019
SR1587  4.470 1.980  0.398 0.150 4.700 0.033
SR1589  3.980 1.745 -2.301 0.238 4.355 0.010
SR1599  0.014 0.002  0.477 0.040 2.699 0.127
SR1601  0.631 0.268 -1.456 0.301 4.955 0.057
SR1603  0.251 0.089 -1.602 0.850 4.365 0.043
SR1605  1.580 0.295 -2.000 0.350 5.171 0.040
SR1606 11.200 1.845 -0.523 0.272 5.096 0.006
SR1607  2.000 0.230  0.477 0.040 5.574 0.056
SR1609  0.040 0.004 -1.602 0.122 2.962 0.132
SR1610  0.126 0.058 -1.602 0.122 3.420 0.097
SR1614  1.000 0.308 -1.602 0.122 4.067 0.019
SR1617  5.620 2.220 -2.301 0.150 5.023 0.021
SR1619  0.200 0.107 -1.602 0.549 3.570 0.094
SR1625  0.891 0.206 -1.602 0.272 3.710 0.193
SR1626  0.158 0.056 -1.824 0.350 3.285 0.111
SR1628  2.240 0.520 -2.301 0.150 4.519 0.078
SR1633  0.355 0.188 -1.000 0.850 4.174 0.018
SR0163  2.000 0.230  0.477 0.040 5.146 0.255
SR1640  2.000 0.465 -0.301 0.262 4.157 0.078
SR1657  0.020 0.004 -1.301 0.228 3.694 0.056
SR1664  0.018 0.003  0.477 0.040 3.264 0.035
SR1665  0.013 0.007 -1.602 0.122 3.639 0.024
SR1666  0.004 0.001 -1.602 0.122 3.270 0.042
SR1667 10.000 2.760 -2.000 0.301 4.819 0.016
SR1669  0.016 0.002  0.398 0.088 3.917 0.072
SR1670  0.018 0.002 -2.301 0.150 3.234 0.020
SR1672  0.891 0.163  0.176 0.150 5.351 0.037
SR1673  4.470 1.380 -2.301 0.150 4.891 0.022
SR1676  1.780 0.550 -2.000 0.350 4.477 0.008
SR1679  1.780 0.415 -2.301 0.150 4.698 0.145
SR1684 12.600 0.700 -0.301 0.199 6.443 0.019
SR1686  0.018 0.002 -0.022 0.123 3.053 0.039
SR1696  3.550 1.555 -2.301 0.238 4.726 0.041
SR1697  0.089 0.039 -0.125 1.088 3.653 0.012
SR1698  0.022 0.002 -1.602 0.122 2.915 0.127
SR1699  0.112 0.039  0.477 0.088 3.665 0.166
SR1702  1.000 0.233 -1.602 0.122 4.326 0.094
SR1703  0.562 0.131  0.000 0.287 3.555 0.041
SR1704  5.010 1.765 -2.301 0.150 6.011 0.049
SR1707  0.018 0.002 -2.301 0.238 3.083 0.144
SR1709  2.820 0.460 -0.071 0.350 4.659 0.016
SR1710  3.980 0.655  0.477 0.150 5.868 0.079
SR1717 11.200 3.490 -2.000 0.238 6.172 0.022
SR1721  0.028 0.005 -0.699 0.423 3.282 0.138
SR1724  0.631 0.195 -1.301 0.389 4.671 0.136
SR1727  0.025 0.004 -0.523 0.772 3.516 0.118
SR1733  0.016 0.002  0.301 0.111 3.461 0.086
SR1735  1.260 0.230  0.398 0.150 5.597 0.212
SR1740  0.056 0.029 -1.824 0.350 3.390 0.051
SR1741  0.112 0.031 -2.301 0.150 3.673 0.084
SR1742  0.006 0.002  0.301 0.111 3.385 0.069
SR1743  1.120 0.205  0.301 0.150 3.923 0.088
SR1745  0.018 0.003 -1.602 0.122 3.300 0.099
SR1749 12.600 2.760 -2.301 0.238 5.028 0.023
SR1750  2.000 0.705 -2.301 0.238 4.700 0.048
SR1751  0.126 0.045 -2.000 0.301 4.102 0.003
SR1752  0.355 0.169 -2.301 0.238 3.940 0.016
SR1753  1.120 0.205 -2.000 0.301 4.027 0.045
SR1754  0.028 0.004 -0.699 0.213 3.426 0.051
SR1756  1.580 0.370 -2.301 0.238 4.304 0.059
SR1757  0.040 0.007 -1.602 0.122 3.389 0.122
SR1761  3.980 1.765  0.301 0.150 4.845 0.029
SR1763  0.025 0.005 -0.699 0.111 2.792 0.009
SR1764 11.200 2.330 -1.301 0.301 4.717 0.002
SR1765  2.510 0.655 -1.602 0.850 5.517 0.081
SR1766 12.600 3.145 -2.301 0.150 5.118 0.002
SR1767 12.600 3.490 -2.301 0.238 5.054 0.057
SR1770  0.025 0.004 -0.699 0.111 2.766 0.041
SR1773  5.620 2.680 -2.301 0.150 4.704 0.218
SR1774  0.631 0.336 -2.301 0.238 4.078 0.130
SR1776  0.126 0.060 -1.000 0.738 4.137 0.035
SR1779  6.310 2.465 -2.301 0.150 5.824 0.190
SR1781  3.980 1.745 -2.301 0.238 4.887 0.028
SR1784  0.022 0.002  0.477 0.040 3.296 0.056
SR1787 12.600 1.845 -0.301 0.262 6.531 0.359
SR1794  2.820 0.870 -2.301 0.150 4.744 0.028
SR1796  0.447 0.175 -2.000 0.301 4.125 0.116
SR1798  1.580 0.295  0.477 0.040 5.235 0.069
SR1799  1.260 0.290 -0.125 0.287 5.484 0.140
SR1800  0.025 0.005 -0.824 0.772 2.816 0.026
SR1802  0.501 0.116 -0.071 0.350 4.387 0.115
SR1803  2.510 0.655  0.477 0.040 4.500 0.060
SR1806  1.260 0.259 -1.000 0.378 3.811 0.051
SR1811  0.016 0.105  0.477 0.088 2.798 0.071
SR1812  0.004 0.002 -1.602 1.049 3.657 0.032
SR1817  0.020 0.002 -1.602 0.122 2.803 0.124
SR1819  3.160 1.690 -2.000 0.350 5.181 0.017
SR1820  2.820 0.990 -2.301 0.150 5.889 0.145
SR1821  0.025 0.005 -0.699 0.111 3.059 0.026
SR1822  5.620 1.550 -1.602 0.122 5.686 0.046
SR1823  0.794 0.146  0.176 0.199 4.059 0.019
SR1824  1.410 0.230 -1.602 0.122 4.609 0.006
SR1827  0.022 0.004 -1.000 0.238 2.727 0.031
SR1829  1.780 0.465 -2.000 0.350 5.377 0.025
SR1830  0.282 0.087 -0.699 0.650 3.767 0.057
SR1833  0.020 0.011 -2.301 0.238 3.211 0.099
SR1836  0.050 0.018 -1.301 0.223 3.498 0.074
SR1837  0.501 0.116  0.477 0.088 3.592 0.013
SR1841  0.040 0.014 -1.699 0.199 3.366 0.038
SR1843  0.014 0.002  0.477 0.040 2.862 0.095
SR1844  0.018 0.002 -2.301 0.150 3.219 0.121
SR1845  0.071 0.038  0.477 0.389 3.087 0.295
SR1846 12.600 1.845 -0.523 0.650 5.023 0.003
SR1849  0.063 0.022 -0.071 1.000 3.529 0.039
SR1850  1.780 0.550 -2.301 0.238 4.356 0.015
SR1855  0.794 0.219 -1.602 0.122 4.583 0.039
SR1856  0.020 0.002 -0.155 0.262 2.792 0.079
SR1857  0.016 0.002  0.477 0.040 2.838 0.092
SR1859  0.032 0.005 -0.301 0.350 3.815 0.320
SR1866  3.550 1.385 -2.301 0.150 4.946 0.027
SR1867  0.079 0.032 -2.301 0.238 3.596 0.092
SR1868  0.022 0.008 -0.824 0.500 3.208 0.027
SR1870  0.020 0.002 -0.398 0.184 3.241 0.092
SR1872  2.510 0.580 -2.301 0.150 4.812 0.011
SR1874  3.980 0.460  0.477 0.040 5.231 0.008
SR1875  0.251 0.162 -0.523 0.738 3.908 0.369
SR1877  0.158 0.081 -1.602 1.111 2.601 0.193
SR1880  0.355 0.109  0.477 0.040 4.308 0.213
SR1887  1.780 0.210  0.398 0.238 5.614 0.069
SR1888  0.794 0.219 -1.824 0.350 4.691 0.060
SR1892  0.022 0.005 -1.602 0.650 2.921 0.029
SR1896  0.794 0.185 -1.301 0.228 4.684 0.028
SR1897 12.600 2.330 -1.155 0.316 5.793 0.043
SR1899  1.780 0.550 -2.000 0.301 4.236 0.170
SR1900  1.260 0.145 -1.699 0.335 4.345 0.016
SR1901  0.126 0.105 -0.699 0.967 3.915 0.097
SR1904  0.063 0.027  0.477 0.539 3.083 0.044
SR1905  0.016 0.002  0.477 0.040 2.678 0.178
SR1909  0.025 0.003 -0.699 0.111 3.136 0.004
SR1911  1.780 0.210  0.477 0.040 5.073 0.365
SR1912  3.550 1.690 -2.301 0.150 4.943 0.056
SR1915  1.780 0.550 -1.456 0.500 4.612 0.005
SR1918  1.580 0.295 -2.000 0.301 4.153 0.059
SR1919  1.410 0.230 -0.071 0.287 4.368 0.018
SR1921  0.018 0.003 -0.155 0.850 2.582 0.069
SR1922  3.550 1.690 -2.301 0.238 4.485 0.034
SR1923  0.282 0.124 -2.000 0.301 3.756 0.118
SR1931  0.025 0.004 -0.699 0.111 2.884 0.007
SR1932  1.260 0.145 -1.699 0.412 3.935 0.066
SR1937  0.056 0.020 -1.301 0.223 3.463 0.041
SR1939 11.200 3.490 -2.301 0.238 4.827 0.021
SR1941  0.794 0.250 -1.602 0.122 4.042 0.044
SR1944  5.620 2.680 -2.301 0.150 4.575 0.007
SR1950  0.032 0.013 -1.699 0.199 3.589 0.025
SR1953  0.028 0.005 -0.398 0.423 3.843 0.031
SR1955  1.000 0.163 -0.301 0.199 4.898 0.062
SR1957  0.045 0.026 -1.602 0.350 4.030 0.203
SR1959  1.410 0.160 -2.000 0.301 4.586 0.005
SR1961 11.200 1.300  0.301 0.111 5.986 0.009
SR1962  0.028 0.005 -1.602 0.122 2.924 0.135
SR1965  1.120 0.205  0.176 0.150 5.068 0.073
SR1967 12.600 0.700  0.477 0.040 5.212 0.132
SR1970  0.562 0.176 -2.301 0.150 4.970 0.101
SR1973  2.820 1.250 -1.301 0.301 4.420 0.061
SR1976  0.447 0.157 -0.125 1.000 3.628 0.060
SR1977  0.020 0.002 -1.602 0.122 2.686 0.124
SR1978  0.631 0.336 -2.301 0.238 4.313 0.091
SR0197  1.260 0.205  0.477 0.040 4.323 0.157
SR1980  0.020 0.002 -1.602 0.122 2.764 0.072
SR1982 12.600 0.700  0.477 0.040 6.372 0.074
SR1984  7.940 3.795 -2.301 0.150 5.069 0.004
SR1985  1.260 0.205  0.398 0.150 5.177 0.095
SR1987  0.004 0.002 -1.602 0.122 3.406 0.129
SR1988  0.355 0.109  0.477 0.040 4.500 0.066
SR1993  3.550 1.690 -2.301 0.150 4.493 0.020
SR1995  1.260 0.205  0.176 0.150 5.195 0.039
SR1996  2.820 0.325  0.000 0.238 4.810 0.011
SR1997  0.020 0.004 -1.155 0.316 3.640 0.018
SR1998  2.000 0.230  0.477 0.040 5.545 0.110
SR1999  1.580 0.260 -2.000 0.238 4.459 0.010
SR2000  0.028 0.004 -0.699 0.213 2.861 0.085
SR2001  7.940 3.795 -2.301 0.150 5.759 0.023
SR2002  3.980 0.460  0.477 0.040 4.914 0.138
SR2003 12.600 1.300 -0.602 0.213 5.995 0.032
SR2004  1.410 0.160 -2.000 0.301 4.757 0.039
SR2005  1.410 0.260 -1.824 0.573 4.264 0.058
SR2011  1.780 0.415 -2.301 0.150 4.243 0.054
SR2013 11.200 2.330 -0.699 0.588 5.080 0.008
SR2016  5.620 2.195 -0.523 0.772 5.353 0.029
SR2018 12.600 1.845  0.398 0.088 5.002 0.066
SR2020  0.045 0.018 -1.699 0.199 4.061 0.128
SR2023  2.240 0.365 -0.602 0.213 5.010 0.068
SR2024  2.820 0.460  0.000 0.150 4.861 0.005
SR2026  0.020 0.002 -0.155 0.163 3.120 0.122
SR2029  1.000 0.349 -2.301 0.150 3.756 0.194
SR2030  0.794 0.185 -0.125 0.287 3.583 0.026
SR2033  0.028 0.004 -0.699 0.150 3.332 0.059
SR2035  0.020 0.002 -1.602 0.122 3.154 0.095
SR0203  2.510 0.775 -2.301 0.150 4.107 0.082
SR2042  0.014 0.003  0.477 0.040 2.498 0.044
SR2043  0.251 0.110 -0.523 0.500 4.081 0.297
SR2046  2.240 0.365 -1.000 0.378 4.898 0.064
SR2047  0.025 0.004 -0.699 0.111 3.063 0.024
SR2048  0.050 0.021  0.477 0.438 2.964 0.054
SR0204 10.000 3.145 -1.824 0.350 5.230 0.029
SR2050  0.028 0.012 -1.155 0.316 4.234 0.178
SR2054  0.891 0.349 -2.301 0.238 4.325 0.016
SR2057 10.000 2.760 -2.000 0.301 4.372 0.022
SR2058  0.028 0.060 -0.824 0.423 2.963 0.042
SR2061  0.631 0.222 -1.456 0.301 3.925 0.038
SR2063  0.708 0.164  0.301 0.238 4.290 0.089
SR2066  1.410 0.230 -1.602 0.122 4.669 0.076
SR2072  1.580 0.185 -0.824 0.150 4.687 0.112
SR2075  1.260 0.230  0.176 0.199 5.137 0.045
SR2086  0.025 0.004 -0.699 0.111 3.240 0.035
SR2092  7.940 2.790 -2.301 0.150 4.471 0.145
SR2094 12.600 0.700  0.477 0.040 5.672 0.042
SR2095  0.028 0.032 -0.699 0.150 3.520 0.021
SR2096  0.282 0.065  0.301 0.301 3.536 0.053
SR2101  0.040 0.019 -1.155 0.223 3.240 0.063
SR2103  1.000 0.163  0.301 0.199 5.484 0.183
SR2106  2.820 0.460 -0.155 0.262 4.730 0.053
SR2107  0.708 0.222 -1.699 0.199 4.108 0.057
SR2110  1.580 0.295  0.477 0.040 5.087 0.036
SR2113  6.310 1.765  0.477 0.040 4.958 0.021
SR2114  0.013 0.007 -1.602 0.122 2.451 0.079
SR2115  3.980 2.035 -2.301 0.238 4.745 0.035
SR2116  0.022 0.004 -0.699 0.650 2.568 0.048
SR2119  0.045 0.022 -1.602 0.412 3.512 0.191
SR2121 12.600 1.300 -0.699 0.301 4.645 0.183
SR2126  0.016 0.003  0.477 0.088
SR2132 11.200 2.760 -1.301 0.301 5.378 0.138
SR2145  0.891 0.163  0.176 0.199 5.024 0.110
SR2149  0.022 0.004 -1.602 0.122 2.543 0.063
SR2156 12.600 0.700  0.477 0.040 4.757 0.176
SR2174  1.260 0.205 -1.456 0.412 4.905 0.095
SR2176  0.028 0.011 -1.155 0.223 2.852 0.157
SR2177  0.028 0.004 -0.699 0.650 3.417 0.126
SR2181  1.000 0.163  0.301 0.199 4.967 0.105
SR2185  1.260 0.205 -1.699 0.423 4.242 0.056
SR2189  0.018 0.002  0.477 0.040 3.155 0.046
SR2193  0.056 0.042 -0.699 0.588 2.720 0.076
SR2194  1.580 0.295  0.000 0.350 5.022 0.078
SR2198  0.025 0.009 -1.000 0.238 3.104 0.020
SR2199  2.510 0.990 -2.301 0.150 4.442 0.076
SR2202  3.550 1.235 -2.301 0.150 4.168 0.174
SR2206  0.022 0.004 -0.699 0.213 3.403 0.026
SR2210  0.112 0.035 -2.301 0.150 3.078 0.051
SR2214  2.510 0.690 -2.301 0.150 4.523 0.010
SR2219  0.071 0.019 -2.301 0.150 3.224 0.089
SR2221 11.200 1.300  0.301 0.111 5.363 0.102
SR2222 10.000 3.145 -2.000 0.301 5.715 0.116
SR2231  1.780 0.210  0.301 0.238 5.473 0.073
SR2232 10.000 2.760 -0.824 0.199 5.734 0.077
SR2236  1.260 0.290 -1.000 0.427 3.821 0.051
SR2239  0.014 0.002  0.477 0.040 2.620 0.012
SR2243  0.071 0.022 -2.301 0.238 3.246 0.095
SR2245  2.820 0.990 -2.301 0.150 5.743 0.058
SR2249  0.020 0.002 -0.824 0.150 2.857 0.045
SR2250  5.620 1.980 -2.301 0.150 4.648 0.032
SR2252  2.820 0.460  0.000 0.166 4.186 0.045
SR2284  1.120 0.205  0.176 0.150 5.256 0.071
SR2285  0.355 0.155 -0.699 0.772 3.608 0.005
SR2286  0.045 0.026 -2.301 0.150 3.262 0.092
SR2290  1.780 0.210  0.398 0.238 5.168 0.016
SR2291  0.022 0.004 -1.000 0.316 2.606 0.133
SR2295  1.580 0.260  0.477 0.040 5.410 0.045
SR2298  0.028 0.014 -1.155 0.223 3.023 0.135
SR2300  3.550 1.250 -2.301 0.150 5.041 0.076
SR2311  0.251 0.110 -0.523 1.000 3.270 0.059
SR2313  2.000 0.230  0.477 0.040 4.965 0.108
SR2321  0.004 0.002 -1.602 0.122 2.869 0.205
SR2330 11.200 2.330 -0.699 0.588 5.957 0.018
SR2333 12.600 0.700  0.477 0.040 6.153 0.000
SR2336  1.410 0.160 -1.699 0.350 4.662 0.005
SR2354  0.020 0.002 -1.456 0.223 2.931 0.033
SR2356  0.032 0.011  0.477 0.150 2.728 0.071
SR2367  7.080 2.765 -2.301 0.150 4.313 0.019
SR2373  0.040 0.007 -1.602 0.122 3.066 0.134
SR2407  7.080 3.795 -2.301 0.238 5.073 0.161
SR2420 12.600 0.700  0.477 0.040 6.220 0.017
SR2439  1.000 0.233  0.301 0.199 5.047 0.090
SR2442 10.000 2.760 -0.824 0.199 4.901 0.052
SR2443 12.600 1.300  0.398 0.150 6.024 0.003
SR2460  1.780 0.210  0.477 0.040 4.764 0.323
SR2478 12.600 0.700  0.477 0.040 5.153 0.115
SR2483 12.600 1.300  0.301 0.111 6.094 0.006
SR2541 12.600 0.700  0.477 0.040 5.182 0.032
SR0284  2.000 0.230  0.477 0.040 5.043 0.104
SR0316  1.580 0.185 -0.824 0.150 4.479 0.673
SR0346  2.510 0.410 -0.398 0.850 4.457 0.042
SR0394  1.260 0.230  0.301 0.150 4.949 0.137
SR0405  1.580 0.415 -2.301 0.150 3.711 0.161
SR0425 12.600 1.300  0.398 0.150 5.341 0.043
SR0578  1.000 0.163 -0.155 0.199 4.750 0.088
SR0608  3.980 0.460  0.477 0.040 4.661 0.138
SR0612  0.050 0.018 -1.602 0.122 3.239 0.148
SR0621 12.600 1.845 -0.022 0.287 5.522 0.033
SR0649  1.410 0.230  0.301 0.238 5.232 0.053
SR0651  2.240 0.520 -2.301 0.150 4.277 0.070
SR0658  0.010 0.005  0.398 1.088 2.632 0.047
SR0660  7.940 3.795 -2.301 0.150 4.867 0.023
SR0665  0.079 0.098 -0.824 0.889 3.245 0.045
SR0667  0.355 0.215 -1.824 0.350 3.352 0.158
SR0668 12.600 0.700  0.301 0.111 6.166 0.069
SR0682  3.550 1.385 -2.301 0.150 4.504 0.072
SR0683  3.980 0.460  0.477 0.040 4.870 0.076
SR0689  8.910 3.795 -1.824 0.350 4.504 0.030
SR0693  0.040 0.009  0.477 0.040 2.645 0.039
SR0695  1.780 0.210  0.477 0.040 5.564 0.195
SR0708  0.020 0.002 -0.824 0.150 2.546 0.073
SR0714 11.200 1.300 -1.602 0.122 5.793 0.059
SR0716  0.089 0.068 -1.602 0.122 3.327 0.035
SR0722  0.562 0.220 -1.602 0.850 4.480 0.101
SR0729  1.260 0.205 -0.398 0.301 4.598 0.080
SR0732  1.780 0.330  0.477 0.040 4.745 0.164
SR0734  0.891 0.163  0.176 0.150 4.821 0.087
SR0735  0.036 0.012 -1.456 0.223 3.211 0.030
SR0752  0.004 0.002 -1.602 0.122 2.572 0.235
SR0755  0.018 0.002 -0.071 0.051 3.282 0.167
SR0759  1.260 0.230  0.398 0.088 5.035 0.072
SR0760  0.006 0.002  0.301 0.111 2.836 0.096
SR0785  1.260 0.205 -0.125 0.287 5.187 0.059
SR0791  4.470 1.575 -2.301 0.150 4.733 0.004
SR0805  0.891 0.206 -0.125 0.287 5.173 0.155
SR0810  0.007 0.002  0.301 0.111 2.379 0.079
SR0811  2.820 0.870 -2.301 0.150 4.817 0.000
SR0814  3.550 1.115 -2.301 0.150 5.007 0.001
SR0817  0.040 0.038 -1.602 0.122 3.668 0.088
SR0823  0.447 0.229 -1.602 0.122 3.971 0.026
SR0826  1.260 0.230  0.398 0.150 4.977 0.063
SR0830  0.891 0.103  0.176 0.150 4.678 0.070
SR0835  0.251 0.110 -1.602 0.122 3.877 0.086
SR0837 12.600 1.300 -0.155 0.199 5.844 0.031
SR0840  0.025 0.004 -0.699 0.111 3.100 0.064
SR0846 10.000 2.760 -2.000 0.301 5.576 0.010
SR0847  0.020 0.004 -1.602 0.122 2.966 0.127
SR0849 12.600 0.700  0.477 0.040 5.403 0.035
SR0851  0.013 0.008 -1.602 0.122 2.884 0.124
SR0852  0.071 0.022 -2.301 0.238 3.218 0.046
SR0856  0.020 0.005 -0.398 0.262 3.081 0.138
SR0858  0.022 0.005 -1.602 0.122 2.868 0.101
SR0861  0.040 0.004 -1.602 0.122 3.618 0.126
SR0863  7.940 3.490 -2.301 0.150 5.689 0.022
SR0871  1.580 0.295 -2.301 0.150 4.846 0.005
SR0875 12.600 2.330 -1.155 0.316 4.791 0.082
SR0883  0.063 0.022 -1.602 0.122 3.159 0.146
SR0889  7.080 4.065 -2.301 0.238 5.717 0.020
SR0891  2.000 0.230  0.477 0.040 5.219 0.095
SR0893  1.260 0.145 -2.000 0.301 4.213 0.063
SR0895  0.282 0.065  0.301 0.539 3.872 0.083
SR0902  3.980 0.460  0.477 0.040 4.654 0.029
SR0904 11.200 3.490 -2.301 0.150 4.779 0.055
SR0908  2.000 0.465 -2.301 0.150 4.102 0.089
SR0912 10.000 2.760 -2.000 0.301 4.735 0.029
SR0914  0.891 0.244 -1.456 0.412 3.631 0.087
SR0919  0.020 0.004  0.176 0.238 3.315 0.057
SR0930  0.100 0.065 -1.602 0.122 3.310 0.145
SR0936 12.600 1.300  0.000 0.124 5.260 0.109
SR0939  1.260 0.205 -0.301 0.301 4.441 0.003
SR0940  4.470 1.900 -1.699 0.423 5.718 0.016
SR0941  5.010 1.765 -2.301 0.150 5.073 0.007
SR0946  0.100 0.035 -2.000 0.301 3.500 0.043
SR0947  0.112 0.031 -2.301 0.150 3.446 0.053
SR0953  0.891 0.163  0.176 0.150 4.699 0.181
SR0955  0.025 0.005 -0.699 0.650 2.824 0.065
SR0956  5.010 1.765 -2.301 0.150 4.952 0.023
SR0960  0.036 0.017 -1.000 0.816 3.246 0.094
SR0962 12.600 0.700  0.477 0.040 6.604 0.048
SR0968  0.178 0.056  0.477 0.040 3.958 0.078
SR0972  2.000 0.780 -1.602 0.122 4.675 0.078
SR0980  2.000 0.465 -0.824 0.350 4.858 0.184
SR0981  0.355 0.215 -2.301 0.238 4.165 0.165
SR0983  0.004 0.003 -1.602 1.389 3.022 0.058
SR0986  0.398 0.157 -2.301 0.150 4.898 0.142
SM 100  0.891 0.314 -1.301 0.389 3.510 0.162
SM 120  2.510 0.410 -0.301 0.850 4.388 1.081
SM 127  5.010 1.765 -2.301 0.238 4.812 0.981
SM 142  7.940 2.790 -2.301 0.150 4.800 0.981
SM 161  0.025 0.003 -0.699 0.111 2.975 0.090
SM 166 12.600 0.700  0.477 0.040 5.125 0.121
SM 182  8.910 3.490 -1.824 0.350 4.988 0.189
SM 189  0.501 0.176 -0.301 0.938 3.530 0.837
SM 193  7.080 3.365 -2.301 0.150 4.354 0.891
SM 196 12.600 2.330 -1.699 0.199 4.487 0.180
SM 204  0.028 0.004 -0.301 0.441 2.906 0.109
SM 207  0.562 0.198 -1.000 0.378 3.876 0.209
SM 208  4.470 1.380 -2.301 0.238 4.654 0.215
SM 210  0.040 0.035 -0.523 1.088 2.777 0.200
SM 212 12.600 2.760 -2.301 0.238 4.982 0.188
SM 217  0.022 0.004 -0.699 0.588 2.930 0.146
SM 233 12.600 3.145 -1.824 0.350 5.381 0.216
SM 236  0.708 0.222 -1.699 0.199 3.901 0.151
SM 238  1.260 0.205 -0.523 0.772 4.245 0.466
SM 240  1.000 0.314 -2.000 0.301 4.059 0.175
SM 254  0.141 0.138 -1.000 0.938 3.135 0.271
SM 256  0.158 0.075 -1.699 0.573 3.153 0.295
SM 266  8.910 3.490 -1.824 0.350 4.688 0.190
SM 279 12.600 0.700  0.477 0.040 6.038 0.242
SM 287  0.008 0.001  0.301 0.111 2.749 0.088
SM 292  2.820 1.235 -2.000 0.301 4.833 0.225
SM 293  0.016 0.003  0.398 0.088 2.527 0.094
SM 296  3.550 1.690 -2.000 0.301 4.702 0.221
SM 320  0.022 0.004  0.000 0.150 3.943 0.123
SM 342  0.112 0.035 -2.301 0.150 3.480 0.160
SM 361  0.282 0.192 -1.699 0.573 3.494 0.274
SM 393  0.501 0.082  0.477 0.088 3.765 0.189
SM 003  1.780 0.330 -0.824 0.350 3.929 0.320
SM 405  0.178 0.062 -2.301 0.238 3.378 0.133
SM 411  0.794 0.146  0.000 0.166 4.013 0.134
SM 412  8.910 3.490 -2.301 0.150 4.858 0.171
SM 419  8.910 3.145 -1.456 0.412
SM 422  2.510 0.410  0.477 0.040 4.510 0.125
SM 452  1.260 0.145 -1.699 0.412 4.004 0.598
SM 468  3.160 1.385 -2.301 0.238 4.593 0.175
SM 469  2.510 0.410 -0.301 0.301 4.417 0.425
SM 485  0.891 0.163  0.301 0.150 3.726 0.146
SM 487  0.025 0.005 -0.699 0.111 2.485 0.114
SM 489 12.600 1.845 -1.456 0.301 4.901 0.116
SM 491  0.794 0.245 -1.301 0.316 3.582 0.159
SM 495  0.794 0.185  0.000 0.287 3.846 0.218
SM 506  0.316 0.139 -0.699 0.772 3.722 0.181
SM 514 11.200 3.795 -2.301 0.150 4.900 0.154
SM 517  3.550 1.250 -0.071 0.350 4.089 0.444
SM 518  1.120 0.259 -2.000 0.301 3.641 0.146
SM 519  0.355 0.204 -2.301 0.150 3.702 0.118
SM 520  1.780 0.415 -0.022 0.287 3.989 0.178
SM 521 11.200 2.760 -1.301 0.301 4.878 0.141
SM 522  0.018 0.003 -2.301 0.350 2.467 0.103
SM 527  2.510 0.990 -2.301 0.150 4.392 0.248
SM 529  3.160 1.115 -2.301 0.150 4.378 0.153
SM 535  0.251 0.145 -1.699 0.199 3.419 0.164
SM 536  0.022 0.004 -0.699 0.111 2.763 0.139
SM 540  2.820 0.460  0.000 0.166 4.484 0.126
SM 542 12.600 1.300  0.477 0.040 4.974 0.192
SM 546  3.550 1.745  0.000 0.213 4.861 0.413
SM 549  0.028 0.012  0.000 0.889 2.652 0.180
SM 552  1.780 0.295  0.477 0.088 4.016 0.131
SM 554  2.510 0.990 -2.301 0.238 4.423 0.250
SM 557  0.316 0.202 -1.301 0.389 4.092 0.302
SM 559  0.631 0.146  0.398 0.150 3.990 0.177
SM 561  0.631 0.301 -2.301 0.238 3.584 0.168
SM 562  0.025 0.004 -0.699 0.111 2.604 0.101
SM 569  6.310 2.220 -2.301 0.150 4.462 0.127
SM 574  0.501 0.116  0.176 0.199 4.056 0.128
SM 575  2.510 0.990 -2.301 0.150 4.337 0.246
SM 577  0.631 0.146  0.301 0.238 3.318 0.159
SM 578  0.562 0.104  0.176 0.199 3.352 0.110
SM 579  1.000 0.233 -2.000 0.238 3.705 0.140
SM 583 11.200 3.795  0.477 0.088
SM 586  0.022 0.005 -1.155 0.228 3.154 0.112
SM 591  0.025 0.004 -0.699 0.111 2.801 0.101
SM 592  2.510 0.775 -2.301 0.150 4.371 0.213
SM 593  1.000 0.233 -0.071 0.287 4.087 0.272
SM 595  1.780 0.550 -2.000 0.350 4.173 0.140
SM 597  7.080 4.065 -2.301 0.150 4.797 0.168
SM 061 11.200 3.145 -1.824 0.350 5.120 0.144
SM 071  2.820 0.460 -0.155 0.262 4.735 0.163
SM 076  0.020 0.004  0.176 0.238 2.503 0.098
SM 083  1.580 0.295 -2.301 0.150 4.158 0.115
SM 088  2.820 0.870 -2.301 0.238 4.482 0.153
